100
4
10 5 15 5
2
100 100
8
81 81 81 81 81 81 81 0
6
23 90 40 0 100 9
2
0 0
10
100 0 100 0 100 0 100 0 100 0
10
100 100 100 100 100 100 100 100 100 0
5
28 70 53 94 18
6
3 97 56 79 38 39
7
53 62 55 6 51 20 45
8
14 49 50 80 70 74 56 9
9
70 70 71 1 24 41 89 76 78
10
84 65 88 60 51 77 81 69 88 95
10
16 66 83 44 51 78 6 79 12 69
10
99 31 6 25 6 64 67 18 29 52
10
70 66 41 55 69 40 58 4 38 89
10
43 9 22 65 19 37 69 72 88 24
10
86 9 84 42 57 41 26 44 71 14
10
80 5 53 60 78 61 74 33 72 76
10
16 19 47 90 39 78 35 61 83 74
10
81 49 56 74 4 71 77 73 62 98
10
46 21 26 84 53 20 20 11 99 44
10
74 0 83 96 73 74 40 12 11 47
10
34 17 78 70 35 1 94 49 97 11
10
89 72 21 37 17 37 26 95 21 96
10
56 58 1 38 88 91 15 98 0 75
10
27 86 11 0 88 97 7 54 68 51
10
24 0 62 75 66 33 61 62 17 86
10
90 7 84 63 69 38 58 89 70 31
10
44 84 80 84 80 70 97 37 64 4
10
73 70 82 50 39 10 29 1 73 16
10
62 73 46 39 45 58 9 68 80 87
10
85 49 51 89 48 35 57 76 84 83
10
50 2 96 67 45 48 78 65 13 8
10
53 13 97 37 73 9 47 93 90 76
10
38 19 29 99 94 38 2 82 65 17
10
87 72 76 76 93 56 23 93 7 66
10
34 94 91 33 38 78 67 52 82 4
10
46 18 99 92 71 97 99 99 93 71
10
43 87 82 18 49 14 41 52 92 77
10
37 86 97 84 93 67 37 73 48 6
10
31 61 69 86 77 69 37 69 90 88
10
72 43 32 37 84 18 8 48 39 47
10
74 71 84 3 84 29 90 96 64 1
10
23 30 12 33 44 17 11 71 85 23
10
7 1 16 81 68 78 16 92 68 1
10
5 31 72 35 21 58 46 95 21 18
10
45 98 69 71 17 76 39 39 63 45
10
14 50 36 84 4 2 44 24 44 61
10
31 31 6 75 28 93 31 14 44 86
10
10 42 84 89 77 4 44 41 73 9
10
58 48 96 55 40 8 5 20 61 84
10
75 25 61 31 74 7 61 72 96 71
10
5 59 2 57 59 83 46 77 24 13
10
80 30 22 30 75 6 59 52 88 11
10
6 98 15 22 44 21 33 65 57 3
10
70 94 49 34 28 36 2 17 70 10
10
1 82 54 84 57 97 67 59 22 53
10
73 0 22 52 10 43 52 37 22 18
10
33 10 89 12 77 75 41 52 55 64
10
28 73 80 76 51 23 5 80 96 76
10
53 74 30 29 98 7 1 65 20 81
10
79 77 87 34 42 30 96 73 52 39
10
4 45 99 41 29 35 14 67 50 42
10
64 22 44 72 57 82 18 18 99 72
10
14 11 6 17 12 97 77 98 9 29
10
24 7 93 38 2 1 82 39 39 72
10
40 80 84 75 5 37 24 36 8 92
10
10 65 28 26 64 83 42 79 99 60
10
46 2 17 43 96 78 7 87 68 16
10
80 29 39 80 86 91 10 87 50 87
10
10 14 52 55 52 86 90 54 87 34
10
42 86 48 49 43 45 60 4 96 56
10
52 20 78 39 0 60 82 90 76 29
10
92 72 96 3 30 34 40 68 7 97
10
64 70 62 81 21 65 89 74 68 86
10
32 13 53 41 87 96 17 71 2 6
10
79 64 23 79 15 73 66 64 14 81
10
84 83 2 85 92 20 21 20 66 59
10
80 92 97 2 11 33 8 42 78 60
10
62 87 49 41 20 37 32 92 85 55
10
51 81 37 57 55 85 81 21 28 85
10
37 94 32 78 9 15 18 70 22 68
10
61 31 78 10 6 60 33 14 54 33
10
87 58 64 48 31 52 96 99 21 89
10
97 92 91 99 48 44 1 18 2 6
10
28 10 62 48 9 90 88 5 62 52
10
5 96 13 88 27 49 28 75 76 68
10
7 15 62 15 89 47 16 41 15 86
10
81 90 72 37 66 10 18 86 14 29
10
58 85 9 2 34 63 97 2 57 96
10
17 41 52 46 24 17 88 71 56 16
10
58 45 30 24 31 39 57 97 98 28
10
39 58 16 81 36 29 74 5 55 31
10
59 37 21 18 98 49 83 59 50 73
10
73 33 53 9 10 18 3 54 3 72
10
30 46 98 1 37 35 61 35 51 36
10
15 62 24 3 75 46 46 20 86 53
10
73 40 66 30 18 86 59 51 4 41
10
47 11 31 42 38 93 72 86 84 42
