100
2 4
10 5
3 12
7 7 7
3 12
4 2 1
5 1000000000
25 25 25 25 25
2 2
1 1
5 5
1 1 1 1 1
5 448257424
1 2 3 4 5
5 915742169
18 7 21 11 25
5 350511036
24 24 24 24 24
5 645615711
20 20 20 20 20
5 59262378
25 25 25 25 25
5 448493911
12 12 12 12 12
5 240032646
15 15 15 15 15
5 241415431
9 9 9 9 9
5 698283542
1 1 1 1 1
5 85547117
24 24 24 24 24
5 910270786
5 5 5 5 5
5 835638328
2 2 2 2 2
5 775950156
2 2 2 2 2
5 919228323
10 10 10 10 10
5 65094023
10 10 10 10 10
5 905220215
21 21 21 21 21
5 660349222
5 5 5 5 5
5 97985844
25 25 25 25 25
5 410132623
21 21 21 21 21
5 392923381
2 2 2 2 2
5 150080541
16 16 16 16 16
5 12513609
13 13 13 13 13
5 138899345
7 7 7 7 7
5 237050432
2 2 2 2 2
5 490750992
20 20 20 20 20
5 210307452
10 10 10 10 10
5 736932137
7 7 7 7 7
5 864508030
1 2 3 4 5
5 831584529
1 2 3 4 5
5 400726774
1 2 3 4 5
5 966612064
1 2 3 4 5
5 657142083
1 2 3 4 5
5 492184306
1 2 3 4 5
5 175839314
1 2 3 4 5
5 912397214
1 2 3 4 5
5 304273083
1 2 3 4 5
5 725216089
1 2 3 4 5
5 787484068
1 2 3 4 5
5 341105308
1 2 3 4 5
5 338527398
1 2 3 4 5
5 940354513
1 2 3 4 5
5 260243600
1 2 3 4 5
5 260244472
1 2 3 4 5
5 551643886
1 2 3 4 5
5 465620976
1 2 3 4 5
5 937927906
1 2 3 4 5
5 653845522
1 2 3 4 5
5 859314616
1 2 3 4 5
5 753119315
1 2 3 4 5
5 466199128
1 2 3 4 5
5 91566181
1 2 3 4 5
5 356217274
1 2 3 4 5
5 762485970
5 15 25 3 25
5 601016790
11 18 4 17 4
5 179031295
10 14 5 4 21
5 991668375
5 8 14 12 20
5 377958689
5 16 24 4 11
5 729033675
12 22 24 20 6
5 382168933
8 5 22 4 14
5 753766114
7 1 16 13 8
5 629712356
20 16 1 22 6
5 161594880
4 3 17 2 7
5 205667097
21 23 18 17 24
5 800811654
15 19 7 20 24
5 305554590
2 7 8 17 8
5 825722904
20 21 17 17 5
5 49212060
6 5 18 4 2
5 356303262
13 18 9 13 8
5 697999634
20 12 23 11 15
5 543817606
15 1 6 20 25
5 899815010
3 4 14 16 23
5 791212803
23 18 22 14 1
5 318823540
23 6 23 23 21
5 100181380
20 11 3 19 15
5 487928602
20 1 9 9 8
5 975892041
20 2 8 15 19
5 472055467
13 13 4 3 5
5 878340832
6 5 7 24 6
5 791489121
15 8 4 11 25
5 833733986
8 17 6 16 20
5 913653420
14 22 17 8 16
5 705255747
12 14 17 16 19
5 907095241
15 15 17 15 20
5 105974734
9 6 24 14 14
5 614641076
24 23 5 4 20
5 452176091
6 6 22 4 14
5 391978806
12 1 24 18 23
5 173533862
1 7 7 7 25
5 249466584
23 19 20 25 20
5 387902437
10 21 18 25 11
5 405280830
14 12 4 13 23
5 346288734
20 8 16 17 8
5 599058439
1 9 4 12 10
5 409055065
20 18 25 8 17
