100
1 1 1
5 3 9
2 7 10
3 5 8
16 1 0
1 16 8
1 15 6
4 3 1
3 5 10
5 3 15
3 5 15
5 3 6
3 5 2
2 2 0
3 5 6
4 4 8
2 3 5
5 3 10
4 4 16
16 1 9
16 1 8
2 5 10
2 2 2
16 1 16
4 3 12
5 3 5
5 3 3
2 5 6
5 3 12
1 15 8
1 16 0
2 6 10
5 3 2
1 16 7
2 7 13
2 2 3
15 1 6
3 5 9
2 7 8
4 2 5
5 3 13
1 13 8
4 4 9
2 4 0
1 15 7
3 2 0
6 2 10
3 5 13
4 4 12
5 3 1
3 5 14
2 5 5
9 1 6
15 1 15
1 9 6
4 3 11
3 5 11
3 4 12
2 2 4
5 3 8
3 5 1
1 15 0
3 5 4
2 4 5
5 3 4
1 15 15
15 1 7
4 4 7
4 4 11
4 4 13
5 3 0
4 4 1
4 3 3
4 1 3
4 4 0
5 3 11
1 16 16
3 4 3
1 1 0
3 5 12
3 5 0
15 1 1
3 2 4
3 5 3
15 1 8
4 4 15
2 6 9
5 3 14
15 1 0
3 5 5
16 1 7
1 16 9
5 3 7
3 5 7
1 16 1
4 4 14
3 2 2
16 1 1
2 8 12
1 15 1
