100
2
175 1 939372165
347 1 382580079
2
328 1 446277581
9 1 946353243
2
353 1 769905573
88 1 3385314
2
192 1 496333642
115 1 92932846
2
209 1 125135454
73 1 304359202
2
281 1 110019308
345 1 113479884
2
359 1 40000
157 1 71133
2
287 1 769529346
282 1 336316837
2
102 1 911753418
54 1 318980113
2
122 1 262098408
136 1 288128023
2
129 1 950663187
92 1 615429654
2
224 1 552778759
78 1 611656942
2
311 1 816083609
248 1 210634931
2
28 1 422330220
278 1 639238715
2
326 1 655888375
114 1 32236059
2
36 1 180724573
285 1 33288570
2
153 1 243569213
118 1 529141858
2
312 1 650866124
331 1 42968354
2
118 1 382037178
70 1 32463913
2
342 1 617533511
67 1 937347151
2
242 1 841695468
241 1 504860822
2
128 1 999865549
195 1 695527204
2
81 1 760921509
185 1 139622369
2
244 1 549760291
40 1 724170467
2
84 1 101942481
297 1 688552800
2
14 1 426946097
63 1 807748749
2
159 1 434938063
268 1 531782524
2
222 1 201537445
99 1 692195298
2
309 1 627607562
163 1 600503276
2
225 1 989122317
100 1 903026508
2
97 1 6727971
75 1 225413037
2
47 1 505516421
45 1 20239272
2
334 1 324491139
43 1 954539184
2
210 1 213962050
329 1 48199898
2
244 1 7838656
274 1 101294994
2
8 1 872819630
10 1 65745498
2
181 1 746886399
181 1 688314330
2
359 1 524723385
6 1 768130088
2
37 1 723488751
128 1 891737356
2
63 1 103786591
57 1 201594670
2
27 1 559009580
247 1 996905615
2
150 1 189341584
47 1 15820302
2
251 1 181597136
350 1 980443880
2
4 1 86304583
323 1 108822170
2
73 1 639953804
80 1 847153247
2
180 1 1
180 1 100000
1
180 2 1
2
163 1 565440611
58 1 349553602
2
75 1 64243112
130 1 614297452
2
207 1 82369726
178 1 50713883
2
23 1 864600950
337 1 315204422
2
186 1 219381600
62 1 580570882
2
131 1 774934353
110 1 220675938
2
90 1 532809569
89 1 876364632
2
236 1 304657199
161 1 410415181
2
339 1 433744191
346 1 71740611
2
269 1 956919631
325 1 674741400
2
355 1 439433451
54 1 308409847
2
16 1 1000000000
48 1 726987418
2
167 1 946675284
287 1 316659664
2
159 1 673751496
273 1 504341137
2
152 1 136103252
161 1 884895072
2
170 1 116409008
115 1 890328636
2
209 1 362771159
240 1 547178960
2
26 1 51468948
171 1 570882108
2
87 1 517296197
243 1 941141978
2
202 1 638608891
57 1 844362681
2
25 1 123212473
300 1 236484507
2
325 1 27930713
356 1 478721660
2
145 1 53262319
70 1 746262065
2
3 1 5560197
40 1 497444674
2
194 1 772209197
346 1 952369847
2
71 1 711961821
304 1 107394576
2
10 1 476568910
180 1 516578214
2
260 1 392576798
7 1 672908209
2
180 1 10
180 1 30
2
67 1 254270886
320 1 353228495
2
250 1 129336908
342 1 350122751
2
172 1 77213799
19 1 301958593
2
205 1 937960779
1 1 698858889
2
51 1 471197411
356 1 400000000
2
41 1 517082949
209 1 39902719
2
283 1 336027566
206 1 759179260
2
55 1 791120948
262 1 117642798
2
162 1 655210703
46 1 308402859
2
279 1 249920834
92 1 331315033
2
42 1 338071070
5 1 738162613
2
78 1 681604862
332 1 222101050
2
262 1 283030143
247 1 365987455
2
58 1 903169966
162 1 666877231
2
334 1 674010128
169 1 553782717
2
355 1 202761221
139 1 693676441
2
318 1 106851135
265 1 242548616
2
215 1 145577522
145 1 705021894
2
88 1 100483106
8 1 439334793
2
178 1 389935136
287 1 75831102
2
29 1 39971834
349 1 213787805
2
289 1 471381876
217 1 499875073
2
225 1 204657372
211 1 94401830
2
76 1 857557814
78 1 108678582
