100
2
278 1 113718586
180 1 431014854
2
177 1 195491421
14 1 541168501
2
281 1 843805659
107 1 903650914
2
96 1 938498564
92 1 422320326
2
199 1 456874534
302 1 447916357
2
44 1 431768983
291 1 288173053
2
310 1 887220899
168 1 534425451
2
26 1 303319511
142 1 59793940
2
8 1 699452263
78 1 509132417
2
308 1 207624284
248 1 412662187
2
172 1 60071607
222 1 175289206
2
131 1 516183610
35 1 701136298
2
121 1 891727464
17 1 983369679
2
165 1 120979251
55 1 382011030
2
279 1 614901716
2 1 6141945
2
309 1 464437390
344 1 796052564
2
308 1 419661984
219 1 802470881
2
68 1 913884284
204 1 802286346
2
159 1 857741556
330 1 332681021
2
99 1 249146187
87 1 473834345
2
180 1 30
180 1 10
2
40 1 733514443
171 1 212678951
2
212 1 705934018
32 1 971390524
2
143 1 374462923
48 1 610025918
2
234 1 161992121
105 1 893780944
2
38 1 180740400
115 1 272036901
2
110 1 452672574
29 1 592975290
2
288 1 518128290
235 1 112115859
2
215 1 758075359
26 1 46089070
2
73 1 590483459
228 1 594846923
2
108 1 371913526
313 1 516613686
2
52 1 54070912
30 1 563748049
2
267 1 664342185
122 1 234803021
2
33 1 835559818
116 1 104941516
2
244 1 632861284
185 1 611737022
2
69 1 927024621
18 1 126116618
2
229 1 793126906
55 1 247072186
2
357 1 86925011
138 1 252595108
2
283 1 442308797
131 1 914533195
2
272 1 598722930
322 1 781139647
2
252 1 147225671
331 1 48270534
2
313 1 208880653
158 1 978381904
2
24 1 900038577
133 1 976282176
2
242 1 148608478
283 1 463688808
2
44 1 72224089
217 1 878659939
2
105 1 90864061
18 1 682393135
2
110 1 694711490
11 1 698441442
2
314 1 191895497
41 1 936727436
2
135 1 394528700
27 1 233505420
2
49 1 1000000000
224 1 38649374
1
180 2 1
2
167 1 40590033
117 1 11434139
2
216 1 146171117
208 1 380246498
2
307 1 656362485
263 1 840742905
2
199 1 845221459
317 1 277482845
2
51 1 471197411
356 1 400000000
2
356 1 59726787
341 1 816538605
2
275 1 141734612
84 1 576143282
2
246 1 559385641
290 1 656550905
2
120 1 121782331
61 1 72617607
2
203 1 286834890
31 1 273277549
2
199 1 379446480
279 1 328268736
2
163 1 13042681
44 1 592288604
2
171 1 379883580
289 1 406051274
2
125 1 686659339
121 1 822340310
2
8 1 474438294
223 1 21703850
2
166 1 521537381
346 1 189419266
2
330 1 227552220
154 1 369988250
2
180 1 100000
180 1 1
2
145 1 74331273
218 1 879887231
2
285 1 368854367
301 1 350117059
2
167 1 467238002
156 1 104137636
2
235 1 992706541
161 1 361248291
2
62 1 498168930
302 1 933537915
2
30 1 753173245
147 1 584843044
2
238 1 834256480
158 1 915122476
2
251 1 990165032
64 1 872600406
2
212 1 842343405
290 1 874412319
2
72 1 137499644
195 1 10116258
2
322 1 251576049
247 1 59317908
2
322 1 804026297
351 1 298600446
2
250 1 809215886
64 1 939371947
2
270 1 73137364
242 1 248146213
2
359 1 40000
157 1 71133
2
24 1 893344688
152 1 608179195
2
308 1 766805222
195 1 430953376
2
42 1 775129152
237 1 933560329
2
330 1 938961487
202 1 338445521
2
176 1 936256690
247 1 824515929
2
70 1 311445324
193 1 60279398
2
278 1 305024383
359 1 450898805
2
355 1 588376913
315 1 185476320
2
354 1 587238371
320 1 467368675
2
172 1 227512991
84 1 326500624
2
183 1 824251731
230 1 102332231
2
19 1 685286774
276 1 77000814
2
247 1 961342354
234 1 341501169
2
268 1 127165780
116 1 578483362
2
126 1 401851651
187 1 846953141
2
76 1 467273483
76 1 690302759
