100
1 1
540 600
840 900
2 0
900 1260
180 540
1 1
1439 1440
0 1
2 2
0 1
1439 1440
1438 1439
1 2
3 4
0 10
1420 1440
90 100
550 600
900 950
100 150
1050 1400
6 5
211 222
488 507
54 67
1144 1147
927 928
720 732
286 319
245 246
1118 1144
137 162
970 1016
35 3
537 547
1308 1310
899 905
970 986
580 587
1153 1156
625 631
1437 1440
905 912
339 341
547 559
535 537
482 487
999 1003
1014 1020
1183 1186
1329 1337
1367 1370
152 169
1371 1426
1189 1199
863 875
932 942
1117 1132
115 116
715 757
507 535
1041 1052
962 969
669 676
1186 1189
1310 1315
912 921
93 96
1426 1437
13 28
466 468
381 389
0 100
802 808
1160 1162
473 478
1130 1133
1388 1393
435 437
179 185
504 512
373 385
1396 1408
915 927
619 620
542 545
1324 1326
1177 1186
162 164
947 952
836 840
741 742
1307 1318
887 893
987 996
388 393
233 243
497 504
650 659
846 847
287 289
598 602
426 431
94 113
209 210
33 42
174 179
709 711
723 725
145 151
1326 1328
441 447
626 628
50 56
478 485
185 190
329 335
1141 1143
190 196
385 388
851 853
691 693
1420 1425
364 366
1428 1429
259 262
1211 1225
1411 1412
366 367
156 159
713 714
1100 1105
784 787
1036 1070
1186 1188
1319 1321
952 960
976 978
1162 1168
1079 1080
1158 1160
164 165
732 734
792 795
393 394
142 145
1408 1411
734 736
816 817
517 522
227 233
1004 1012
1244 1246
1318 1319
564 567
472 473
61 70
1334 1341
997 1000
1156 1158
1028 1036
607 610
583 592
644 649
447 454
3 7
1149 1154
669 674
85 94
1412 1415
56 58
1012 1015
19 25
20 15
733 735
1150 1151
30 36
155 161
1425 1437
414 420
202 205
858 861
268 281
28 30
1045 1068
1129 1131
1072 1073
348 375
1311 1316
13 15
411 414
911 915
129 145
1073 1075
721 722
163 169
1304 1311
1125 1129
1437 1438
560 563
286 289
252 268
875 876
615 617
1254 1262
1368 1378
169 178
1172 1176
1170 1172
6 15
1070 1072
497 504
783 801
273 277
242 256
289 296
178 197
446 447
939 967
283 289
606 608
504 511
1187 1223
1072 1077
311 316
773 779
256 261
450 466
78 85
512 581
1291 1329
0 2
179 539
540 900
54 89
973 977
592 601
310 320
611 620
1324 1327
1046 1049
1188 1202
1306 1318
1061 1064
498 501
1345 1347
331 333
125 132
385 386
789 805
344 345
284 295
184 185
1006 1016
1437 1440
881 882
1110 1113
652 653
695 700
603 606
882 895
132 133
157 161
705 714
870 880
156 157
367 369
345 352
839 850
234 239
543 550
689 690
442 443
999 1006
1260 1278
610 611
53 63
1031 1036
763 774
1131 1133
1428 1437
957 959
41 53
565 569
256 259
269 271
216 220
1107 1110
1327 1337
1064 1072
1246 1252
774 783
402 403
932 942
1350 1358
329 331
1052 1061
418 428
441 442
591 592
959 962
1404 1406
376 380
812 814
520 531
320 323
724 725
1027 1031
501 513
394 395
271 274
714 724
4 23
1093 1102
783 787
1081 1082
295 310
856 862
977 987
471 473
433 440
488 489
1280 1281
1393 1395
23 26
174 182
456 471
189 190
323 329
1082 1083
190 200
733 736
636 637
1041 1046
264 266
1426 1428
494 498
609 610
653 654
231 234
1245 1246
37 39
913 920
1165 1166
666 680
654 657
573 578
489 493
187 189
352 354
550 551
339 344
586 591
1243 1245
638 643
1395 1404
1337 1339
1416 1423
333 339
1023 1027
1166 1171
239 248
1207 1223
1036 1041
33 34
1406 1416
692 695
1171 1173
606 608
448 456
1176 1177
551 556
443 447
151 156
898 902
725 730
569 573
1320 1324
64 66
829 831
576 593
1348 1356
216 234
569 576
857 876
438 442
971 985
372 383
601 610
748 757
929 942
63 64
841 853
911 921
25 29
91 101
780 785
107 108
1 8
1384 1385
390 396
1114 1117
742 748
191 203
383 390
1423 1431
1403 1405
499 512
330 352
1383 1384
1382 1383
786 797
257 259
1372 1377
731 733
151 155
1234 1255
248 251
238 240
396 406
44 46
406 414
270 276
1058 1068
1224 1234
108 127
627 635
990 994
701 702
355 356
921 922
359 362
37 44
1301 1304
610 613
945 951
90 91
1377 1382
1385 1387
942 945
888 896
1387 1403
1180 1181
9 20
952 960
1332 1334
1411 1416
101 104
1195 1211
1334 1338
664 683
986 990
658 664
557 564
855 857
683 689
88 90
447 478
62 63
1036 1058
168 179
1167 1180
1192 1195
771 780
437 438
356 357
488 499
210 213
1068 1091
234 238
362 370
242 245
260 268
268 270
70 73
276 294
64 67
1162 1167
203 206
714 719
531 534
719 723
951 952
797 798
294 300
512 517
486 488
1256 1293
644 645
8 9
213 215
702 714
442 447
613 627
240 242
185 191
999 1024
853 855
548 552
370 372
256 257
156 168
138 151
565 569
552 555
650 653
414 437
653 658
689 697
5 75
1315 1318
1218 1222
1109 1114
1434 1437
798 801
899 904
1308 1309
1114 1128
1091 1095
1177 1189
865 873
194 204
1004 1006
467 473
1331 1336
1311 1315
133 134
737 754
247 250
1010 1015
1102 1108
693 702
1165 1173
972 981
170 174
990 1004
134 148
68 71
232 239
1232 1246
1430 1433
118 122
78 80
73 78
824 833
126 130
23 35
52 68
212 214
981 990
540 546
1089 1091
735 737
395 399
873 895
1128 1131
224 227
187 194
162 170
82 88
718 729
1095 1102
418 419
305 309
215 224
117 118
1397 1402
1081 1084
778 783
328 348
462 467
610 620
263 280
434 437
1318 1331
1211 1213
1408 1419
1043 1044
702 708
514 540
363 379
555 556
546 553
407 418
14 15
1131 1151
1044 1064
130 133
43 52
1006 1010
55 83
983 988
847 865
1314 1331
516 527
925 926
1242 1257
258 260
1304 1307
98 102
150 159
805 810
187 203
1365 1371
568 573
750 751
666 683
911 912
1158 1163
178 179
1038 1048
1205 1214
602 605
786 788
949 957
453 456
1408 1411
1057 1063
1048 1055
780 781
886 894
483 489
885 886
1432 1439
978 979
141 142
1276 1281
865 873
762 772
1086 1097
3 4
1027 1033
443 447
996 1001
651 656
1374 1378
323 333
633 635
1284 1287
7 15
796 800
1399 1402
134 141
229 242
1389 1390
496 504
1307 1308
479 482
179 180
260 265
333 341
65 66
51 54
363 372
1214 1221
417 422
527 528
271 272
1431 1432
615 623
26 27
129 134
358 363
781 786
67 72
48 49
810 818
957 965
4 7
430 438
394 395
103 106
224 229
1355 1362
934 937
1001 1002
635 640
294 298
1080 1086
1201 1205
660 666
449 450
1313 1314
372 375
341 346
755 762
504 508
605 607
1424 1427
456 472
513 516
387 394
1129 1141
165 172
845 846
713 719
1396 1399
1156 1158
293 294
32 38
1034 1036
704 713
543 544
1025 1027
72 76
299 302
1336 1339
1141 1142
1331 1333
547 563
873 881
643 651
319 322
1003 1008
1371 1374
508 511
128 129
425 427
121 128
582 592
1036 1038
427 428
573 582
683 690
477 479
1033 1034
180 187
54 59
698 704
87 81
35 36
988 989
94 96
1067 1068
107 111
815 823
201 203
427 433
1310 1314
173 174
358 360
391 393
1114 1117
1341 1347
749 751
123 127
768 769
330 336
203 204
54 56
745 749
798 804
751 755
96 97
142 149
232 243
1215 1218
613 615
699 705
811 813
610 611
796 797
1254 1256
621 623
900 906
216 221
1123 1128
1259 1261
410 411
593 597
846 848
195 198
618 621
9 13
398 399
1105 1107
876 878
1325 1327
766 767
1439 1440
1110 1113
540 541
527 531
1034 1043
60 62
1119 1123
319 326
369 375
243 262
554 563
45 50
1336 1341
1003 1013
368 369
1193 1197
725 727
1113 1114
744 745
1347 1348
212 216
652 654
769 773
1374 1377
840 844
182 184
550 554
1062 1067
484 485
1409 1421
1197 1199
606 610
166 170
485 489
958 959
1435 1439
1076 1078
1032 1034
127 131
97 99
32 35
790 791
67 68
519 527
1429 1430
64 66
478 479
1117 1119
1421 1424
99 106
1221 1225
1399 1400
797 798
612 613
375 378
783 786
1175 1178
458 459
1391 1392
786 790
1002 1003
1188 1193
844 846
114 123
501 504
1257 1259
1261 1267
804 811
756 764
1272 1282
385 391
698 699
588 593
707 709
1022 1025
1388 1391
982 985
859 860
875 876
574 585
1353 1364
481 484
1218 1221
773 776
705 707
409 410
1143 1144
229 232
112 114
956 957
985 988
1056 1062
111 112
531 540
857 859
1082 1084
80 82
174 178
298 305
264 278
849 857
510 512
814 815
1430 1432
549 550
360 368
508 510
715 721
569 574
1377 1378
106 107
210 212
473 476
262 264
973 982
878 889
282 289
587 588
91 94
2 0
0 360
1080 1430
96 28
889 905
494 512
759 762
706 737
876 889
1179 1182
773 775
796 808
912 914
238 253
90 94
303 307
208 209
133 135
349 365
1132 1142
921 923
1070 1083
202 203
203 208
522 524
775 782
617 627
1370 1375
156 157
329 336
1364 1366
1281 1294
1366 1370
479 482
265 271
1130 1132
40 45
664 667
135 142
698 705
231 238
1020 1033
1318 1327
183 186
180 183
297 302
318 329
705 706
482 492
436 437
157 169
224 227
521 522
117 133
316 318
169 180
857 873
400 402
422 423
1254 1269
1359 1364
1436 1439
373 380
492 494
98 103
39 40
1276 1281
1201 1203
651 664
60 68
1119 1126
1233 1235
812 815
586 587
1151 1153
630 643
1144 1151
785 796
365 369
1219 1226
1044 1064
1203 1209
209 218
1296 1302
475 479
1099 1101
1091 1093
1101 1104
1093 1099
579 586
762 773
629 630
601 604
1351 1353
684 690
1412 1423
288 291
53 60
1086 1091
690 698
667 684
275 279
1439 1440
336 339
464 467
1435 1436
291 297
737 759
1142 1144
342 346
1065 1070
13 17
923 931
399 400
810 812
1187 1190
393 399
402 422
45 53
218 224
17 18
227 229
815 827
253 265
972 979
1126 1130
906 912
1033 1044
1 100
174 175
834 835
367 369
1422 1424
236 243
25 39
1198 1216
141 142
765 779
1267 1276
222 236
1377 1381
1109 1114
724 731
142 144
572 575
832 834
448 467
488 513
170 174
795 802
657 658
204 209
722 724
1216 1226
467 472
127 134
781 786
426 427
10 14
1102 1108
974 978
1096 1102
1119 1123
1245 1246
477 484
1334 1335
1045 1052
1336 1339
1371 1377
119 127
1420 1422
1335 1336
1256 1265
114 119
731 739
472 473
1005 1011
169 170
780 781
1029 1035
264 271
1190 1198
1079 1081
1035 1036
1094 1096
487 488
271 276
243 244
717 721
689 690
521 529
1011 1020
590 596
866 873
313 318
635 636
577 578
828 832
1408 1410
1347 1353
814 815
753 754
100 106
1330 1331
1419 1420
529 530
1060 1067
422 424
376 378
661 667
602 617
1331 1334
827 828
1354 1355
369 370
289 296
1346 1347
786 791
1353 1354
1326 1330
696 697
930 935
1037 1041
153 158
244 264
626 627
544 558
49 51
589 590
363 367
100 100
1088 1090
814 815
941 951
488 491
793 795
1376 1382
1238 1240
106 107
80 86
243 246
1326 1335
888 896
1075 1081
121 129
1007 1008
369 370
985 987
260 266
852 854
1308 1309
686 691
1324 1326
274 276
555 560
582 583
168 172
212 227
362 369
409 410
610 615
1163 1164
993 999
354 357
1019 1022
401 409
419 422
576 579
657 662
361 362
1208 1209
1401 1403
370 371
485 488
1033 1039
1396 1399
951 982
52 57
38 42
1348 1376
88 92
795 797
32 37
118 121
1405 1412
449 455
1083 1084
547 555
878 881
443 447
1285 1288
737 743
510 514
886 888
1126 1129
3 10
874 878
778 780
562 565
809 814
691 694
187 188
347 351
1175 1177
1288 1301
288 289
928 934
1230 1232
1026 1033
1194 1196
522 527
479 480
133 138
1382 1391
615 617
683 686
317 327
289 290
413 414
37 38
191 196
662 678
1404 1405
1118 1121
95 103
1316 1321
1256 1263
503 510
1209 1217
536 542
1159 1163
983 985
329 339
819 823
711 714
934 941
917 918
1200 1201
266 274
1201 1208
987 989
414 416
854 860
1278 1285
246 253
729 737
1186 1191
727 729
1069 1071
176 187
788 793
1228 1229
797 798
560 562
375 381
602 610
276 279
918 924
1156 1159
161 162
447 449
836 842
461 466
1245 1256
862 865
529 536
351 354
1217 1218
924 928
865 869
1061 1064
1184 1186
282 288
633 638
818 819
780 782
617 632
1343 1348
825 831
209 211
1439 1440
823 824
1177 1184
17 32
1039 1040
1269 1278
982 983
476 479
583 591
196 209
1144 1156
86 88
48 50
842 844
1399 1401
1104 1111
112 117
694 699
148 157
702 711
157 159
1121 1126
42 43
281 282
1064 1069
1084 1088
1164 1170
869 870
565 574
1244 1245
514 522
1312 1316
188 191
311 313
700 702
399 401
236 243
162 168
422 425
1042 1061
1335 1343
371 375
1093 1102
11 14
46 48
831 836
678 683
574 576
885 886
491 503
1301 1308
40 82
935 942
1287 1291
587 594
616 618
691 692
1025 1040
243 250
782 794
921 933
1429 1435
1319 1323
913 921
485 496
375 388
1233 1241
115 118
354 362
322 333
182 220
83 95
735 740
618 621
640 665
1435 1437
388 389
1113 1124
966 974
824 846
121 142
61 80
1312 1319
153 154
1013 1015
1009 1013
270 279
511 528
445 451
1424 1429
420 427
1265 1271
1386 1424
142 151
1066 1067
396 404
172 174
1098 1107
362 375
107 114
879 895
1325 1328
594 610
1246 1250
1015 1018
798 802
96 97
571 572
95 96
235 238
333 342
934 935
1107 1109
164 172
12 13
874 875
80 83
242 243
453 468
1286 1287
238 241
1365 1380
982 989
151 153
1024 1025
961 966
713 714
942 958
1124 1129
1129 1153
528 529
1089 1092
933 934
899 913
989 1009
1281 1286
1163 1164
154 164
1211 1216
261 270
1250 1265
1198 1211
779 781
28 34
1363 1365
118 121
34 35
389 396
1062 1066
1046 1051
255 261
1291 1294
627 628
794 795
13 16
468 482
573 587
1067 1088
451 453
714 724
35 61
802 809
568 571
795 798
1110 1113
875 879
850 853
296 305
250 255
97 107
781 782
1328 1363
740 779
1216 1227
25 42
1094 1098
656 659
1288 1289
732 733
165 166
20 29
579 592
568 569
516 518
1373 1381
788 790
633 642
226 239
90 111
1005 1007
305 308
166 167
1314 1325
790 792
511 514
1160 1165
1030 1043
161 163
497 498
504 511
1289 1293
797 803
551 554
51 52
319 321
18 19
1105 1107
381 385
303 305
1001 1005
743 751
498 504
1360 1373
1043 1046
605 606
496 497
1107 1108
6 14
1178 1186
1018 1023
614 616
374 375
623 632
42 47
1392 1394
782 788
723 730
52 53
1312 1313
742 743
334 335
1381 1391
1156 1160
632 633
447 457
53 54
921 940
247 252
1237 1241
34 40
1354 1356
1391 1392
81 9
1019 1021
791 801
1071 1074
1023 1024
887 893
555 556
423 426
922 924
556 560
13 27
141 148
1208 1211
635 636
801 813
212 223
560 562
434 438
1243 1246
660 662
875 878
569 571
867 875
1083 1085
924 926
919 922
285 288
9 13
738 752
841 853
1021 1023
211 212
1121 1146
1246 1247
426 434
1427 1428
1074 1083
931 942
519 523
1017 1019
321 323
223 227
346 359
1024 1026
1014 1017
318 321
486 500
537 541
1233 1238
893 902
1309 1312
949 959
80 81
1287 1290
902 903
103 113
612 628
238 244
1415 1416
30 32
959 972
753 757
1146 1149
662 663
757 767
840 841
1247 1249
853 858
1086 1103
1205 1208
523 526
541 543
1413 1414
1164 1169
512 518
165 167
1249 1262
264 265
152 165
942 947
680 688
419 423
245 249
45 53
551 555
167 182
699 701
926 927
339 341
1149 1162
1368 1372
34 65
215 221
1421 1422
279 295
908 919
1100 1105
830 834
1349 1354
1407 1418
1079 1087
776 779
582 587
626 632
885 895
1225 1253
43 58
590 592
968 985
124 125
1215 1225
757 760
588 590
1361 1364
1354 1361
990 994
964 966
1301 1305
265 267
345 355
435 438
115 120
460 468
926 946
1001 1005
1400 1407
895 896
1266 1282
1189 1211
1008 1012
799 805
355 364
562 572
162 163
477 485
994 996
1165 1189
1299 1301
185 186
1087 1089
1074 1079
848 870
797 799
232 240
1036 1041
517 522
620 626
883 885
96 100
1162 1165
524 527
527 532
638 647
28 43
273 279
877 883
1282 1288
269 273
1422 1431
77 88
14 21
578 582
1119 1120
790 797
103 107
268 269
897 905
468 469
90 91
186 189
1041 1062
985 990
107 111
1364 1374
711 712
1288 1292
905 908
821 822
1383 1400
522 524
1211 1213
662 673
587 588
1382 1383
652 658
8 14
91 93
267 268
140 149
400 413
93 94
52 39
521 523
951 953
819 822
1398 1399
1193 1194
1029 1031
375 382
858 863
1269 1311
114 115
1429 1431
1097 1098
602 606
434 440
690 693
1264 1269
453 454
342 344
815 817
1159 1173
687 690
1023 1027
1173 1175
719 722
953 962
226 231
1403 1404
1422 1428
1050 1052
140 142
791 794
711 714
330 332
1203 1210
746 748
1405 1406
208 217
924 933
966 969
66 68
758 759
972 973
1361 1370
771 779
998 1000
765 771
1076 1077
1000 1002
993 994
920 924
941 945
1312 1314
1419 1422
1040 1044
285 309
817 819
606 614
1078 1080
981 983
1406 1408
22 24
585 586
973 977
626 640
1182 1185
65 66
1243 1246
1428 1429
586 591
1185 1193
467 475
1095 1096
910 916
337 342
838 839
727 729
1259 1262
1246 1254
592 602
309 313
145 153
207 208
615 618
977 981
1119 1123
1231 1232
183 187
1109 1119
344 350
171 181
1232 1237
26 80
1198 1230
1238 1239
117 119
676 678
146 152
177 179
817 818
1264 1268
40 43
705 708
414 419
311 313
342 348
943 945
795 797
1253 1256
502 507
1361 1374
611 615
110 111
1416 1422
1246 1250
84 88
221 223
792 795
247 257
1102 1107
596 602
34 35
174 177
1327 1350
386 387
583 594
1352 1357
678 692
628 629
974 976
629 630
655 664
812 816
450 451
1378 1381
805 811
580 583
1313 1320
43 56
938 939
737 745
313 318
942 943
544 560
1089 1102
918 930
215 218
811 812
35 37
536 544
560 563
507 512
1423 1433
368 386
563 575
711 714
1357 1361
619 627
939 940
976 978
1268 1273
627 628
348 351
816 817
1070 1073
696 697
264 265
240 247
602 611
1280 1283
1239 1246
1381 1392
1375 1378
1084 1087
420 428
519 520
451 470
1010 1021
428 432
387 391
722 730
730 737
179 180
352 356
1231 1234
641 642
276 280
37 40
1395 1401
218 221
265 266
1081 1084
326 333
664 665
351 352
307 311
848 854
492 502
1411 1413
81 90
606 614
654 679
461 470
296 307
735 741
484 485
1282 1294
1122 1123
31 33
698 704
605 606
273 274
485 489
87 90
993 994
98 100
479 484
386 392
1417 1423
92 98
791 811
1432 1439
489 495
910 912
561 565
589 593
533 539
241 245
1165 1166
47 55
1329 1330
1020 1031
747 750
1 3
912 913
781 783
334 336
288 296
447 454
1226 1227
679 680
568 571
705 719
1382 1406
719 728
33 35
1239 1246
617 627
200 205
274 276
1151 1162
205 217
1430 1432
276 280
994 1000
1362 1372
845 846
35 42
868 881
642 650
1311 1313
1230 1235
882 889
896 898
407 408
1016 1020
685 687
823 825
1106 1109
579 589
593 596
1032 1033
750 767
1115 1118
1246 1268
524 533
514 515
1279 1282
614 617
42 45
65 67
577 579
141 144
470 479
597 603
547 561
127 129
1109 1115
1052 1055
1313 1327
596 597
866 868
381 386
1185 1189
1439 1440
392 396
408 409
1310 1311
1210 1213
937 949
889 895
440 447
90 91
1275 1279
821 822
55 60
1416 1417
1102 1105
728 730
783 791
45 47
822 823
267 273
777 780
1189 1192
969 981
396 399
576 577
91 92
133 139
857 866
337 359
898 909
231 241
287 288
817 818
67 87
1061 1063
60 65
410 426
166 168
156 162
1330 1331
825 845
149 156
981 993
1406 1412
1327 1329
1349 1351
190 200
730 735
687 691
1059 1061
935 937
704 705
1033 1035
895 896
515 524
377 378
359 377
1071 1100
949 956
1294 1302
1055 1059
434 440
495 496
1351 1357
1380 1382
780 781
245 250
565 568
1227 1230
336 337
1166 1185
741 747
1268 1275
956 957
1378 1380
909 910
103 125
175 182
0 2
1080 1440
11 361
28 97
554 558
282 288
520 532
1137 1140
765 769
1241 1248
69 70
877 880
63 69
149 150
377 385
1393 1396
697 710
963 964
788 794
150 152
349 355
415 416
288 290
763 765
1044 1046
1380 1382
733 735
1018 1024
1091 1095
1050 1053
694 697
189 192
193 194
418 420
42 44
235 249
1353 1361
1127 1134
1123 1127
756 763
1012 1015
1428 1432
445 447
1100 1113
293 299
1376 1380
539 546
50 55
441 445
160 183
950 962
841 843
1061 1075
1345 1346
1299 1301
1318 1325
1140 1146
730 733
483 487
1433 1436
989 993
680 691
420 427
558 564
722 730
277 282
710 722
58 61
183 186
208 214
464 471
416 417
134 142
1404 1405
7 26
1163 1167
659 674
600 607
202 206
824 841
427 441
1432 1433
1273 1275
1350 1352
1095 1100
462 464
770 772
1248 1257
85 92
1146 1151
1325 1332
128 133
305 312
550 553
506 512
98 105
312 333
1075 1077
537 539
1402 1404
565 568
392 396
1134 1137
1396 1399
186 189
967 971
1188 1194
61 63
1412 1416
1346 1350
880 886
1054 1061
1175 1188
267 277
1257 1260
1308 1311
616 617
1194 1199
152 160
860 864
133 134
546 550
197 202
993 1002
396 415
447 462
1340 1345
333 337
105 116
67 35
321 324
627 639
2 3
950 951
658 661
924 925
692 697
764 773
324 336
540 545
1242 1260
923 924
1017 1032
73 81
1396 1440
1126 1128
870 872
95 117
1202 1227
1301 1303
250 251
925 935
1260 1262
81 93
381 403
524 536
817 857
954 986
1128 1129
1014 1017
1189 1192
872 883
491 498
143 159
299 310
3 20
639 646
793 817
761 764
34 52
255 262
319 320
1005 1009
1227 1242
1303 1305
588 594
1154 1169
555 574
545 550
650 651
868 870
1320 1358
1093 1111
1262 1266
310 319
63 73
1083 1093
723 738
908 923
888 897
951 954
683 692
320 321
1266 1281
574 588
471 489
274 278
117 128
1142 1152
792 793
862 868
262 274
646 650
1305 1320
128 143
1111 1126
594 627
857 858
897 908
278 299
165 166
1362 1396
1134 1142
336 379
20 25
498 500
403 471
1199 1202
858 862
1358 1362
986 1005
1169 1189
25 31
31 33
1129 1134
1032 1083
33 34
159 165
550 555
251 255
740 761
738 740
91 86
1270 1273
518 527
878 888
1244 1262
505 506
277 284
100 122
1273 1280
427 437
758 775
962 963
1098 1099
1422 1428
794 820
55 57
269 277
909 910
1046 1061
1265 1270
1337 1338
437 440
963 972
845 849
308 310
440 444
710 712
482 488
516 518
372 375
1370 1386
744 745
1082 1084
1106 1109
257 260
250 257
313 315
1124 1126
12 26
614 615
1403 1404
462 478
623 642
1428 1439
513 516
1214 1215
1324 1337
990 1012
290 301
335 337
958 962
135 147
733 734
617 618
827 843
1287 1299
310 313
824 825
260 269
134 135
1099 1100
1415 1422
506 513
618 623
397 402
301 303
1342 1347
1117 1121
1215 1219
851 857
1318 1320
237 238
676 678
1062 1064
1439 1440
1094 1098
986 990
912 913
716 729
972 976
402 405
1387 1403
122 133
1084 1094
1340 1341
1043 1046
333 335
1364 1370
176 179
73 80
238 246
1115 1117
592 600
1338 1340
849 851
1299 1312
246 250
941 950
315 327
303 308
455 462
734 739
591 592
1404 1415
488 496
537 538
826 827
858 866
615 617
898 908
1341 1342
888 898
218 220
600 614
386 397
911 912
220 229
1347 1364
327 331
87 90
914 935
866 870
1100 1101
913 914
496 505
369 372
1262 1265
1232 1239
133 134
1130 1156
1243 1244
337 369
179 183
729 733
1027 1035
57 73
564 573
780 785
775 780
642 651
80 87
1012 1027
444 455
405 427
1312 1318
950 958
1219 1220
1280 1287
739 741
752 755
688 693
825 826
1180 1188
935 941
681 687
704 708
383 386
1109 1115
654 675
1220 1232
741 744
1122 1124
183 218
675 676
870 878
693 704
478 482
708 710
1126 1130
1188 1190
908 909
331 333
1035 1043
1204 1214
527 537
843 845
549 564
1320 1324
50 85
478 482
1395 1397
227 228
892 893
1345 1358
1037 1043
908 924
63 71
146 161
1437 1438
1330 1335
948 960
1118 1122
417 421
483 484
1133 1134
1146 1160
1387 1395
12 13
1175 1176
1176 1181
1438 1440
54 55
924 930
642 645
1056 1057
1279 1287
496 499
1363 1379
609 614
930 946
1061 1068
1136 1146
346 358
368 380
466 469
741 747
394 406
1201 1203
1257 1258
1096 1101
1386 1387
512 532
1321 1322
693 701
578 592
114 115
1415 1416
1419 1423
71 82
327 328
1434 1437
24 28
1322 1325
1091 1096
161 166
421 422
380 382
1122 1125
143 146
1263 1273
460 466
1086 1087
422 435
651 657
558 572
661 664
1249 1257
1029 1037
1231 1232
1014 1021
1277 1279
55 60
1172 1175
783 791
1057 1061
328 329
224 227
1051 1056
1102 1104
1181 1182
1199 1201
13 14
816 820
1203 1210
1125 1128
664 670
820 821
1101 1102
323 327
672 675
614 630
532 553
1335 1345
1307 1321
880 883
44 54
1116 1117
315 316
300 305
675 693
120 123
382 386
1195 1199
299 300
1416 1417
364 368
1358 1363
469 472
1012 1014
190 201
1433 1434
553 558
1259 1263
95 97
329 334
1273 1277
1306 1307
313 315
1088 1091
98 99
657 661
831 836
240 248
201 206
770 773
1220 1229
638 642
1210 1220
1247 1249
223 224
101 114
99 101
1287 1298
88 95
47 43
1072 1073
944 946
1149 1153
238 239
460 462
189 193
684 689
1219 1224
426 427
543 550
759 771
203 204
1065 1072
1341 1344
354 362
1169 1172
1139 1143
1359 1366
1147 1149
639 667
1293 1294
551 552
310 314
1163 1169
832 842
1235 1248
378 379
803 812
99 105
983 990
555 560
1203 1219
1009 1021
379 420
490 500
668 676
1033 1036
474 484
1306 1307
771 782
990 991
798 803
234 237
750 758
540 543
85 88
607 615
738 739
1006 1009
514 520
1423 1425
114 116
1307 1309
111 114
1403 1405
159 161
11 15
812 817
346 354
868 872
245 246
121 128
577 579
731 733
1248 1252
572 573
462 464
1401 1402
1189 1195
635 639
1228 1229
964 969
1347 1351
1128 1138
552 553
591 598
1400 1401
216 219
18 20
1172 1175
15 18
782 789
72 79
204 212
4 10
1062 1065
624 629
260 263
46 47
874 875
75 71
86 88
1263 1277
120 123
556 557
421 427
348 349
391 400
515 516
950 957
509 511
1201 1205
859 866
108 112
1004 1005
1 6
112 119
1316 1332
480 481
1436 1440
1253 1263
1084 1090
493 500
249 267
618 621
1296 1305
6 12
481 493
1291 1296
49 56
219 223
850 859
232 247
1016 1028
583 584
12 15
1075 1079
726 728
1422 1436
565 567
1219 1221
1363 1364
804 812
838 845
970 973
390 391
644 646
203 212
688 692
1093 1120
1090 1093
1120 1134
1059 1060
585 590
1151 1154
928 929
1189 1199
1070 1072
1058 1059
460 465
692 698
135 141
74 82
1413 1416
88 90
439 452
557 565
1056 1058
659 668
212 219
230 232
1139 1151
437 439
1277 1281
1199 1201
19 26
945 946
1005 1015
306 307
636 638
1221 1228
418 421
741 761
1156 1166
1170 1175
817 819
511 515
1166 1170
472 479
847 850
1028 1040
434 435
270 302
825 833
685 688
1305 1316
892 917
174 184
1154 1156
1416 1422
765 775
593 595
728 741
714 726
761 765
552 556
918 921
525 528
812 817
572 581
1360 1363
650 652
147 149
617 618
43 49
676 685
452 454
333 344
845 847
165 174
106 108
876 878
957 970
630 632
56 74
1382 1385
979 995
1187 1189
436 437
1015 1016
917 918
516 521
793 804
302 306
1216 1219
1134 1138
946 950
973 979
465 466
201 203
866 871
42 43
1180 1182
500 509
521 525
415 418
621 630
27 49
351 360
582 588
1284 1289
621 628
1384 1396
699 710
500 503
1106 1112
789 807
1095 1102
754 758
374 387
611 614
1005 1015
503 504
488 500
365 374
1114 1122
653 667
614 621
1122 1140
1209 1219
93 103
934 943
183 235
1112 1113
387 391
598 600
1004 1005
1363 1367
628 641
415 419
811 813
103 106
813 831
858 876
710 725
1015 1027
1140 1155
1378 1384
447 459
807 811
1435 1440
914 918
1197 1209
1396 1403
399 415
831 858
395 399
360 365
28 30
110 119
568 582
641 646
247 295
20 28
342 351
1063 1069
1155 1158
1253 1261
119 133
1339 1344
927 931
54 61
6 20
1301 1304
459 488
61 66
646 653
563 568
1283 1284
1289 1298
545 563
1102 1106
758 761
770 774
2 0
1080 1430
11 361
0 2
0 1
1439 1440
43 86
898 906
401 404
575 585
942 951
211 214
960 961
1354 1359
297 304
1113 1122
158 162
962 992
480 481
861 865
1345 1347
146 152
245 249
1397 1402
645 649
62 63
409 410
704 708
854 856
1048 1051
961 962
304 308
1053 1058
1051 1052
830 833
532 533
1136 1138
100 105
709 732
75 76
110 132
37 44
1366 1368
1192 1194
1312 1314
52 57
624 628
828 829
1038 1041
382 383
1210 1211
1343 1345
1407 1433
1127 1128
931 932
367 370
543 544
59 60
1147 1154
1100 1106
752 758
1001 1004
249 252
1165 1166
172 176
1371 1373
1044 1046
1320 1324
1106 1109
833 834
1263 1271
439 442
1207 1210
1162 1164
291 295
695 699
932 942
1092 1100
218 223
1082 1083
311 312
1351 1354
449 452
202 204
495 496
353 361
1084 1089
209 211
770 772
1062 1078
1083 1084
762 763
1017 1036
1109 1112
1347 1351
1247 1252
887 893
63 70
1058 1062
827 828
786 789
804 811
598 600
1047 1048
1257 1259
328 331
628 637
1090 1092
481 482
228 233
325 326
180 192
928 931
1004 1006
223 226
391 401
1332 1333
70 75
205 209
780 786
1201 1203
156 158
1380 1382
1327 1330
238 245
834 836
1334 1343
708 709
816 822
87 93
511 532
459 467
1081 1082
1078 1081
689 695
476 478
33 63
888 892
896 903
285 292
103 109
245 249
49 54
213 215
699 704
913 929
1262 1275
1294 1298
228 232
1417 1427
63 66
1012 1018
233 234
329 331
966 970
1049 1052
249 250
720 728
1211 1213
1307 1310
1439 1440
1197 1203
1079 1081
1147 1151
869 872
1275 1276
634 640
1081 1082
872 878
833 834
208 209
224 228
1084 1085
819 820
215 219
878 886
929 930
865 869
1292 1294
594 600
1261 1262
1299 1302
182 184
661 669
1223 1245
411 425
1259 1261
1415 1417
735 754
676 679
848 849
824 830
776 780
459 467
331 335
650 653
125 143
728 729
55 59
547 552
443 453
812 819
1078 1079
688 690
640 641
1008 1012
493 516
895 896
1398 1411
149 154
39 45
1126 1132
6 22
1255 1259
1217 1218
1387 1396
1121 1124
958 959
1097 1100
1357 1369
930 939
167 174
704 718
1124 1126
600 606
66 68
1313 1314
1062 1064
33 35
611 617
1018 1024
633 634
1310 1313
64 22
718 723
159 160
1329 1333
668 669
759 768
834 860
160 162
426 427
1415 1429
442 446
588 597
932 933
374 382
1170 1176
899 901
982 992
1107 1109
1161 1170
1004 1015
957 958
1043 1045
1093 1100
1333 1341
644 657
98 110
1242 1244
570 577
1186 1207
258 266
1432 1434
807 827
1015 1019
723 725
78 93
1360 1364
1229 1241
704 705
1373 1377
1341 1345
138 141
266 267
1364 1373
195 197
992 999
1345 1360
292 300
742 750
730 734
328 342
427 430
456 460
1035 1043
93 98
1019 1022
865 866
1225 1226
1328 1329
76 78
52 58
42 52
162 167
705 718
1136 1150
1395 1403
382 386
933 950
398 417
1253 1255
1429 1432
952 953
860 864
197 205
391 398
1000 1004
39 40
552 558
658 668
40 42
1022 1033
1109 1114
289 292
181 182
958 971
597 601
1272 1278
878 899
20 11
85 103
470 475
144 157
1011 1017
1325 1344
962 973
1109 1122
849 852
596 597
591 596
822 826
562 568
1391 1395
157 160
513 531
847 849
1179 1180
985 987
938 945
1395 1421
1236 1243
987 988
235 275
1292 1296
310 312
1173 1176
1058 1062
334 335
1378 1391
735 751
916 917
64 67
176 178
1362 1368
639 646
342 345
776 777
220 221
308 309
39 43
716 717
46 47
611 620
461 480
43 46
993 998
195 201
12 16
1199 1218
444 448
379 385
435 436
794 795
1112 1113
370 372
1236 1238
1074 1089
982 993
1234 1236
147 151
120 121
1337 1361
772 774
697 701
1307 1315
923 926
1421 1422
439 442
3 7
1099 1102
564 568
524 526
1013 1019
127 128
646 651
600 611
1190 1198
1012 1013
1061 1064
216 217
47 48
921 923
1301 1307
290 297
126 127
1368 1371
968 976
503 507
1299 1301
671 673
570 575
433 435
580 581
368 370
422 423
581 593
926 933
688 697
1385 1386
853 857
998 1012
877 887
175 176
702 707
545 546
723 728
412 422
789 794
255 257
1098 1099
182 193
32 39
795 801
507 509
436 439
1138 1143
1056 1061
1400 1416
876 877
728 729
553 555
1218 1220
1318 1326
455 457
495 496
1145 1146
1020 1030
660 671
193 195
324 329
1159 1165
934 940
717 723
224 225
1422 1428
345 346
431 432
568 569
1165 1170
758 760
1431 1440
1104 1108
976 982
1102 1103
1089 1098
868 875
657 660
481 483
654 656
385 392
136 139
178 180
546 553
1176 1177
1294 1299
146 147
124 125
1198 1199
1052 1056
48 53
287 290
402 411
91 102
33 24
872 881
1289 1304
663 672
1222 1227
975 992
1185 1222
1014 1021
881 895
25 48
1438 1440
511 541
354 356
1036 1096
367 372
970 975
703 711
4 8
312 313
789 801
431 502
895 923
1227 1242
945 970
372 386
409 431
643 663
1 4
923 924
220 311
1118 1185
1423 1438
682 683
598 643
166 182
1242 1289
64 166
1021 1036
1101 1118
726 751
925 945
801 844
751 789
924 925
1007 1014
711 726
397 409
8 21
1347 1401
182 190
1407 1423
386 397
356 367
313 354
844 869
1304 1347
992 1007
311 312
77 40
316 320
1292 1300
124 125
699 701
1246 1250
993 996
276 280
75 81
795 796
950 956
257 258
280 288
1053 1054
1116 1117
1189 1192
743 744
69 71
1234 1237
210 213
1405 1407
533 536
213 219
656 661
1208 1211
594 597
997 1000
718 725
482 486
967 968
198 201
1081 1082
1284 1285
468 481
452 453
315 316
1036 1040
1129 1130
981 983
705 711
1222 1227
851 865
776 778
1398 1400
1136 1145
1392 1398
637 640
261 272
273 274
717 718
1342 1344
511 519
584 590
226 227
481 482
943 950
154 159
1366 1386
1331 1332
125 128
831 838
785 788
95 97
934 939
397 398
117 124
1054 1060
850 851
47 51
1117 1118
1106 1114
796 810
1430 1434
605 607
320 323
336 341
1048 1053
778 785
983 985
1359 1366
1199 1200
1300 1301
1090 1096
877 878
201 210
402 414
73 75
128 138
671 674
1127 1129
374 381
814 815
1320 1322
601 605
744 745
655 656
109 117
989 990
451 452
745 748
138 140
453 455
1031 1036
1290 1292
1211 1212
274 276
731 743
1105 1106
976 981
1421 1425
1322 1331
750 758
381 382
1217 1218
460 468
81 95
772 773
1164 1189
34 21
1040 1044
674 691
1044 1050
477 479
408 421
1097 1102
798 802
1086 1089
1114 1116
912 914
925 927
794 798
810 816
994 995
11 14
1161 1171
823 825
907 912
1012 1013
623 633
118 158
1008 1012
620 622
1190 1199
1143 1147
604 620
1317 1322
778 782
457 461
427 434
782 785
1430 1440
1148 1156
591 598
1236 1237
877 880
68 70
278 291
568 569
785 787
174 205
995 1003
1092 1093
27 53
726 754
1034 1035
441 446
1035 1040
103 112
113 114
834 848
706 717
1216 1217
1353 1358
454 457
18 22
1040 1046
881 895
760 793
605 611
806 817
372 376
839 852
163 167
1078 1095
820 831
141 155
277 284
251 260
869 870
1278 1307
817 820
18 21
852 865
1017 1019
979 1017
865 869
58 62
260 266
903 930
1335 1341
646 670
365 366
34 52
1201 1225
229 233
62 72
1352 1362
870 879
1424 1431
1312 1318
895 898
13 18
383 385
551 557
52 55
77 87
1357 1362
903 905
1023 1026
1323 1325
1373 1374
1105 1110
544 548
417 420
825 827
328 342
1053 1054
755 761
713 720
1040 1047
139 148
602 604
1334 1335
1188 1195
985 986
325 328
1124 1127
892 893
292 293
589 598
967 971
304 316
916 921
639 643
443 445
507 509
1026 1027
1215 1220
540 543
1110 1116
267 273
1285 1295
1278 1282
7 13
863 866
1272 1278
956 960
568 574
164 175
176 179
78 82
673 680
1341 1351
530 540
1005 1015
1161 1163
859 861
378 380
215 217
598 599
697 701
1269 1271
198 199
1403 1405
686 688
1163 1165
273 274
848 849
773 779
471 473
529 530
609 611
1165 1166
1271 1272
1362 1365
342 346
914 915
354 356
1225 1239
523 529
211 212
275 276
611 620
131 133
858 859
986 987
381 382
1152 1157
915 916
582 588
1380 1395
226 228
433 439
960 967
1052 1053
890 891
1263 1269
1116 1118
779 789
235 236
588 589
1211 1215
506 507
853 858
519 523
1079 1080
34 40
847 848
1335 1339
274 275
1136 1137
621 626
875 890
789 792
921 933
1035 1039
217 218
1098 1105
356 361
101 119
984 985
477 478
987 992
480 482
479 480
192 197
283 292
414 417
372 378
688 689
631 639
45 48
792 793
252 263
426 433
1070 1079
895 902
380 381
1377 1378
478 479
1283 1285
906 914
40 45
626 627
871 874
1157 1161
220 221
1258 1261
806 808
348 353
462 468
1065 1066
1019 1023
643 645
730 741
316 323
1178 1180
441 443
1127 1129
1015 1016
1066 1070
293 297
1129 1136
838 842
1166 1178
1313 1319
689 697
450 454
1311 1313
720 730
0 2
0 360
1080 1440
0 2
540 900
180 540
7 67
333 339
476 481
698 711
292 295
466 476
1015 1023
400 409
339 365
1059 1075
1385 1396
76 80
679 698
976 978
973 976
291 292
229 243
819 822
484 497
1396 1407
773 778
769 773
409 411
1154 1163
13 36
1373 1385
957 959
178 190
1418 1425
52 57
1319 1333
996 1012
371 382
1335 1352
1302 1310
783 789
546 556
1231 1235
1425 1430
1352 1359
277 289
1359 1373
994 995
963 966
534 546
84 94
613 614
80 81
36 40
126 147
578 588
1023 1029
815 819
556 560
388 400
978 986
906 911
1163 1185
1430 1433
740 741
897 906
268 277
243 268
889 897
1185 1186
204 229
1133 1154
1012 1015
40 52
1041 1042
748 769
386 388
1037 1038
190 193
621 641
32 12
1393 1397
66 79
293 297
132 140
1369 1370
897 907
355 365
795 799
1270 1277
231 234
817 837
242 243
758 785
1009 1019
325 344
240 242
1240 1241
907 912
1292 1293
1084 1087
1175 1176
623 643
1349 1362
1071 1072
1237 1240
221 231
1320 1335
1249 1250
4 12
1088 1092
394 415
1215 1224
1041 1060
435 444
1310 1313
837 843
667 695
851 856
1375 1393
63 65
1019 1028
1038 1041
925 961
1289 1292
83 28
1370 1377
380 381
1331 1332
1221 1231
885 894
1265 1273
1037 1047
561 566
1380 1399
155 169
732 734
1047 1054
714 732
172 177
73 79
945 953
298 303
754 757
691 694
387 414
598 601
414 422
738 754
968 970
242 260
187 188
1414 1415
228 234
929 930
585 597
323 332
211 227
1237 1240
957 968
1200 1215
184 187
292 296
90 93
645 676
338 349
148 155
935 945
1152 1153
918 926
1153 1159
795 802
122 128
1420 1423
1259 1265
303 308
1062 1071
926 929
236 240
11 16
697 699
114 120
881 885
374 380
782 789
284 292
790 795
1187 1198
1087 1088
436 442
1097 1112
1071 1087
1054 1055
757 762
850 852
694 697
840 844
188 211
1088 1097
989 991
811 812
773 777
677 691
478 488
38 49
424 430
1231 1237
430 434
30 32
1004 1037
762 769
1165 1187
234 236
802 806
96 99
988 989
1342 1359
1377 1380
617 644
770 773
1415 1420
18 22
516 519
473 476
1423 1434
894 902
1112 1120
177 184
1218 1221
1332 1342
548 561
869 877
99 105
1314 1331
1215 1218
451 456
547 548
87 56
184 185
648 649
1063 1079
1023 1030
1273 1274
938 941
1317 1319
932 938
1254 1265
136 137
308 309
928 929
583 584
845 856
402 410
1391 1396
294 298
1210 1216
441 444
666 701
1030 1046
910 911
20 21
1319 1322
1225 1227
471 472
1396 1404
574 575
570 574
1102 1103
182 184
1129 1149
15 19
425 441
1270 1273
199 205
968 974
133 136
711 719
410 418
1292 1293
48 62
919 921
601 607
205 213
12 14
657 666
1322 1324
77 81
901 904
81 85
348 363
1173 1176
879 901
43 45
1390 1391
1123 1124
46 48
1206 1210
960 968
497 511
1335 1346
547 550
1227 1243
363 374
861 869
980 989
904 906
1352 1354
484 485
254 264
76 77
567 569
1103 1111
472 484
618 624
1429 1433
321 324
1423 1429
773 785
247 253
137 163
85 129
1163 1173
1265 1268
825 845
214 221
624 637
1363 1381
550 567
575 576
339 348
244 247
383 402
764 773
380 383
185 197
45 46
1216 1225
1384 1389
906 907
584 595
1354 1355
925 928
521 522
1157 1158
869 878
727 732
264 270
944 960
253 254
1274 1282
856 861
35 43
1185 1190
14 15
878 879
569 570
989 995
916 919
735 741
324 327
310 316
1324 1335
163 167
907 910
529 536
1282 1292
637 640
543 547
1111 1115
732 735
1381 1384
1176 1185
305 308
454 471
418 425
655 657
1389 1390
640 644
1404 1405
167 182
62 69
40 98
652 655
372 373
911 931
815 818
521 524
223 225
1201 1206
670 680
218 223
225 232
322 372
741 744
1433 1434
144 145
72 73
1410 1429
233 240
943 948
618 635
1039 1040
591 597
1148 1155
1434 1438
1179 1189
88 93
1384 1387
63 72
1378 1384
1008 1011
1301 1306
1167 1179
818 824
860 864
784 791
172 191
1117 1122
195 204
1194 1196
757 758
932 933
403 410
873 878
277 283
1342 1350
846 851
700 701
309 322
167 172
375 387
1014 1019
1245 1247
898 900
933 940
400 403
410 432
1394 1410
571 584
758 768
641 648
1227 1230
878 889
727 730
680 700
391 392
78 88
461 471
1247 1248
1248 1264
191 192
157 167
1323 1339
856 860
129 144
283 306
824 839
215 218
1296 1301
839 846
1040 1050
1209 1211
1429 1433
889 896
1078 1079
1055 1072
471 473
1132 1138
1052 1055
1035 1039
1011 1014
526 538
44 47
56 63
1126 1131
387 390
1206 1209
561 567
980 985
479 496
473 479
791 815
744 748
1339 1340
948 952
306 309
73 76
992 1008
724 727
1079 1094
851 854
1264 1273
206 215
1213 1214
276 277
1122 1126
1094 1096
1282 1286
1211 1213
748 757
769 774
524 525
232 233
1316 1323
446 448
116 119
432 441
1295 1296
1050 1051
1358 1369
1214 1219
985 989
975 980
525 526
10 44
76 78
496 502
1166 1167
1196 1198
204 206
100 100
211 216
296 298
245 247
1029 1037
356 358
754 779
1345 1347
658 661
127 128
6 9
1237 1240
572 573
1401 1417
69 73
38 39
1282 1283
910 916
580 583
889 894
961 966
438 444
122 127
1330 1345
1212 1214
785 789
153 162
1327 1329
511 512
1295 1304
949 952
583 586
1116 1118
1038 1049
36 38
1184 1192
506 511
573 577
1304 1305
901 910
278 284
1270 1271
894 897
818 819
106 114
363 366
1250 1251
1072 1085
1278 1282
1233 1237
939 941
551 572
970 987
490 492
32 36
1118 1128
724 729
1136 1160
987 989
351 355
492 506
836 851
4 6
543 551
1326 1327
966 970
45 49
1192 1203
114 121
427 428
1348 1349
180 183
1267 1270
39 42
358 361
1329 1330
310 314
369 371
298 306
1107 1109
74 75
897 901
1006 1029
631 636
121 122
604 615
948 949
176 180
888 889
76 88
819 824
50 69
376 383
1220 1233
1085 1088
741 742
1321 1326
1068 1072
668 686
315 321
23 27
661 664
800 802
210 211
1283 1291
802 814
814 818
512 543
826 829
1418 1434
825 826
428 438
1434 1440
175 176
621 625
323 324
183 205
411 427
753 754
1167 1184
88 96
1211 1212
860 886
1291 1295
75 76
339 344
1355 1365
992 997
586 590
97 102
1259 1263
455 456
1203 1210
266 271
1049 1068
49 50
27 32
289 296
456 468
1109 1115
162 175
216 224
1317 1318
1373 1384
371 376
224 229
989 992
141 149
941 948
1130 1136
1271 1278
1399 1401
597 598
128 129
355 356
1305 1317
383 384
284 285
1214 1220
361 363
247 250
73 74
344 350
42 45
959 961
1417 1418
102 106
1097 1107
919 928
285 289
324 339
314 315
789 800
259 263
321 323
229 243
263 266
366 369
590 597
446 455
779 785
577 580
742 753
276 278
243 245
1353 1355
444 446
1037 1038
205 206
250 259
1240 1247
1251 1257
729 741
886 888
1115 1116
1318 1321
1247 1250
824 825
486 490
1160 1164
636 643
2 0
0 360
1079 1429
53 59
182 185
787 793
343 348
1228 1230
1161 1166
523 526
549 554
974 1011
560 571
536 539
740 746
746 747
493 498
370 379
1083 1084
193 197
1323 1353
304 305
412 422
871 880
547 548
1402 1404
598 612
1159 1161
548 549
244 248
274 277
450 459
235 238
1297 1310
248 258
1125 1129
1095 1096
714 720
146 150
590 598
277 303
860 861
938 944
677 686
303 304
125 127
616 621
161 171
1363 1367
1129 1130
222 227
227 230
101 102
111 125
435 445
1077 1082
264 269
864 867
1206 1207
21 36
1367 1380
1258 1287
379 412
445 450
1223 1224
230 233
698 699
99 101
739 740
880 904
960 974
621 624
94 99
582 586
770 774
699 711
38 47
765 770
1230 1241
775 787
132 142
1404 1412
1082 1083
305 309
747 765
152 154
554 559
581 582
949 960
840 849
1 3
154 161
1061 1077
1181 1182
1287 1292
586 590
633 661
1048 1053
675 677
1321 1323
774 775
238 244
1130 1131
333 343
855 860
671 675
661 669
1011 1048
171 181
559 560
86 94
127 132
1108 1124
1253 1258
422 435
150 152
63 11
579 580
89 97
888 889
902 936
1421 1425
1006 1007
1011 1030
458 459
1141 1142
3 16
1 3
1372 1389
55 61
364 373
1335 1337
336 338
376 378
186 219
582 593
1041 1042
1314 1318
1151 1197
67 68
880 888
338 352
461 467
878 880
232 233
99 121
386 397
148 150
352 362
274 295
1294 1297
1251 1255
889 902
295 311
1366 1372
177 178
808 853
1197 1228
1337 1341
20 22
860 861
488 489
22 41
544 579
412 433
75 81
97 99
716 719
1088 1097
373 375
956 984
1116 1141
1425 1440
1255 1258
984 994
121 148
779 795
175 177
1341 1366
178 179
1098 1116
1318 1335
179 186
864 866
411 412
68 75
375 376
1148 1151
397 411
1299 1310
866 878
55 22
891 895
418 420
1401 1403
185 192
1054 1057
740 741
463 473
736 740
916 918
1242 1250
908 916
923 929
111 114
351 352
998 1002
513 517
130 133
953 958
727 732
880 884
675 691
305 311
35 41
11 13
618 623
705 709
270 275
950 953
1096 1099
1128 1148
31 35
546 554
809 819
488 492
1002 1013
250 255
211 212
54 62
1111 1121
1154 1156
540 541
524 526
1241 1242
603 610
1013 1017
184 185
412 415
695 701
602 603
114 118
23 25
895 896
701 705
1150 1154
1082 1084
278 280
227 230
971 979
1258 1268
352 354
64 78
780 783
852 858
819 822
884 891
692 693
498 509
1040 1048
230 234
827 834
623 637
673 675
311 314
330 333
133 135
858 859
1121 1125
69 61
91 119
957 965
792 794
367 375
1429 1430
850 852
760 785
800 810
794 799
1173 1178
23 33
709 717
226 243
1211 1225
86 91
1339 1350
399 402
316 325
21 23
65 69
1095 1097
923 936
785 786
1391 1403
306 316
814 821
511 517
243 251
301 303
402 427
980 987
545 555
359 367
1111 1115
1017 1023
185 188
876 884
810 812
267 268
527 530
786 788
251 257
844 850
182 185
178 180
676 688
1076 1078
650 656
1299 1304
193 197
1132 1158
259 262
292 297
257 259
1315 1339
1351 1358
505 510
542 543
1078 1080
903 905
695 696
821 822
1403 1417
1161 1163
1265 1285
625 643
1178 1184
1387 1391
39 42
1365 1370
826 835
470 472
1032 1059
667 676
696 703
717 753
224 226
799 800
180 182
1125 1128
1304 1315
1115 1125
9 21
397 399
884 896
1025 1032
69 86
355 359
268 269
922 923
484 487
1097 1098
835 844
1372 1387
33 37
1203 1211
899 903
167 178
1060 1068
1252 1258
62 65
390 394
608 611
128 142
343 345
122 123
1370 1372
121 122
965 967
49 61
1184 1190
1295 1299
992 1006
1128 1132
1285 1286
987 988
157 158
967 968
269 270
1163 1173
1109 1111
566 573
119 121
1258 1265
526 527
203 208
1225 1249
297 301
208 224
788 792
51 18
681 694
355 359
1171 1177
1415 1440
44 54
1398 1415
1189 1210
294 301
729 732
200 207
625 637
637 648
655 681
957 967
564 570
360 382
15 28
988 992
273 287
552 554
488 490
881 896
270 273
490 501
28 44
723 729
93 105
458 459
116 124
1342 1356
843 851
1260 1262
1396 1398
936 942
1377 1378
942 955
318 319
1030 1031
404 405
438 443
1104 1107
1046 1056
694 716
955 957
526 528
233 235
1164 1167
287 294
739 741
648 655
334 348
105 108
311 318
554 564
359 360
967 968
852 860
1135 1142
767 771
157 160
815 843
570 576
613 625
199 200
851 852
771 779
348 355
992 999
1076 1104
68 30
86 88
458 467
122 124
1174 1182
173 178
74 75
139 142
287 291
727 743
997 998
918 927
1065 1066
19 24
256 258
786 789
1013 1039
775 780
649 652
982 987
668 675
1386 1412
702 720
1287 1291
159 164
632 633
843 873
134 139
1382 1383
789 794
410 416
911 918
486 489
1114 1120
492 493
233 234
1300 1313
377 381
987 995
75 80
1313 1317
514 522
295 312
442 449
560 569
51 59
1278 1283
968 977
995 997
656 657
322 326
1379 1382
1331 1336
283 287
328 329
245 246
1144 1147
1042 1043
154 159
88 97
449 457
1328 1331
387 389
489 492
500 501
753 754
1357 1361
1196 1200
356 369
1361 1364
675 680
962 968
496 500
754 755
213 221
955 960
33 51
1430 1432
684 689
439 442
1317 1318
1293 1298
543 544
12 19
1152 1155
1131 1140
1364 1369
1383 1386
1043 1065
112 121
1159 1160
979 982
24 33
820 823
317 322
1068 1069
612 617
542 543
1221 1237
0 2
541 901
180 540
31 33
175 181
57 59
1322 1327
460 464
1339 1355
1403 1409
819 825
704 711
888 889
455 460
1222 1231
609 615
361 365
1266 1268
540 547
1423 1428
340 347
664 676
244 246
825 852
143 144
926 930
863 868
1073 1081
1256 1257
687 704
741 766
1220 1222
290 291
582 589
1118 1136
10 16
288 289
54 56
18 19
621 626
798 802
405 415
138 143
940 943
988 991
1008 1013
1259 1260
774 784
1202 1205
509 511
1240 1244
938 940
785 790
657 664
335 340
76 89
1257 1259
311 312
1099 1118
1301 1302
1316 1321
43 54
790 797
16 18
347 358
978 983
89 101
589 601
74 1
1316 1318
912 915
310 314
207 210
368 375
58 60
581 582
898 900
1276 1284
101 111
468 470
397 399
1350 1353
277 279
60 70
210 212
1026 1031
1267 1271
578 581
123 129
550 553
1069 1077
922 924
977 993
953 963
994 1005
232 236
39 44
145 150
129 130
1117 1119
238 249
878 882
453 458
375 381
1209 1215
51 52
1247 1252
529 532
1195 1198
1284 1297
640 653
130 135
1040 1046
724 725
497 498
680 691
393 397
314 319
553 567
1079 1081
619 628
1165 1167
886 887
287 288
1353 1363
850 862
780 781
9 10
185 187
265 273
1081 1084
1119 1121
781 782
584 593
721 724
1413 1418
1156 1162
1077 1079
388 393
288 294
249 258
1096 1106
1363 1366
936 953
20 15
171 190
798 806
469 509
509 520
1178 1203
520 547
735 736
982 995
995 998
1418 1419
1010 1014
570 571
721 735
845 849
1395 1418
670 705
279 285
878 888
618 632
401 404
1419 1440
705 721
893 909
43 88
415 431
888 893
919 935
190 218
268 279
94 95
1014 1023
351 379
117 162
289 351
1133 1178
72 32
121 132
756 758
1431 1433
413 418
1212 1218
1415 1427
1371 1381
1232 1244
768 773
516 520
1406 1411
653 655
524 529
432 442
1042 1050
421 432
1438 1440
224 233
655 661
24 29
550 554
1283 1293
817 818
978 986
818 821
1316 1332
1244 1251
681 696
1067 1069
869 878
662 663
960 978
163 164
217 219
277 288
843 847
271 277
42 49
863 869
219 220
375 393
222 224
194 198
1262 1269
563 565
696 737
132 133
764 768
1403 1406
233 235
539 541
910 924
784 799
1308 1316
155 163
1059 1067
1352 1365
1119 1128
673 681
1430 1431
577 579
1219 1224
1114 1119
1171 1175
1365 1371
198 202
15 21
933 935
250 252
220 222
403 413
758 764
799 803
1050 1059
847 850
164 176
1027 1035
1269 1282
944 954
749 756
442 446
261 271
935 944
1154 1166
485 495
579 589
1037 1039
336 340
1039 1040
1210 1211
1293 1307
619 622
472 485
1411 1415
651 652
1184 1204
60 99
1204 1210
1175 1184
176 187
1069 1076
850 852
56 59
512 516
50 50
527 536
1127 1131
1396 1411
807 808
1037 1058
1268 1280
413 423
604 615
752 755
58 60
1103 1123
57 58
994 995
499 507
1171 1173
757 759
193 201
755 757
60 67
507 514
687 698
374 387
1173 1185
67 126
823 841
154 172
46 47
334 352
1126 1127
794 800
1338 1360
685 687
1333 1337
254 257
727 730
615 624
966 991
423 431
448 449
126 154
713 725
1059 1066
244 250
522 523
201 223
1437 1440
175 190
1123 1125
267 283
318 334
1151 1168
1392 1396
1015 1037
446 448
770 772
514 522
624 627
959 966
570 575
1263 1268
1168 1171
991 994
711 712
1096 1101
800 807
841 843
1066 1096
250 254
1319 1320
473 487
900 914
32 34
853 868
725 727
914 944
581 591
387 395
431 446
409 412
523 525
955 959
1320 1333
1318 1319
627 629
38 43
1219 1227
700 711
1227 1244
1360 1361
395 399
34 38
629 642
1185 1219
547 570
52 57
600 604
190 193
1387 1392
1314 1318
591 600
2 0
1439 1440
0 1
24 85
1023 1058
501 538
178 181
1397 1402
1303 1331
15 18
1083 1106
1418 1429
217 222
1106 1118
636 637
1252 1283
479 490
667 685
812 823
18 25
277 280
1129 1134
834 862
1241 1252
423 431
605 612
1393 1397
324 328
328 334
413 423
1233 1234
711 715
823 824
118 120
323 324
1283 1284
1298 1300
1336 1338
1216 1218
334 335
551 557
689 692
1354 1358
202 209
322 323
685 689
1358 1366
1166 1175
231 253
320 322
1123 1129
891 910
1300 1303
721 723
80 90
216 217
1402 1418
581 584
828 830
1205 1214
272 277
188 202
791 812
222 231
824 828
1135 1166
728 761
562 567
124 125
585 605
74 80
295 305
1338 1346
291 293
557 562
305 320
578 581
1284 1298
280 291
958 974
692 693
637 652
445 466
1429 1437
761 764
977 983
1187 1190
693 704
538 551
490 501
1021 1023
1194 1205
862 863
863 891
915 919
983 1021
764 780
41 45
584 585
1437 1440
1225 1233
1382 1387
45 48
431 432
910 915
652 667
214 216
704 711
1190 1194
1331 1336
293 295
780 791
723 728
2 0
10 360
1080 1430
1 1
0 1
1439 1440
97 64
1066 1079
887 891
1270 1272
546 548
1171 1173
128 129
1174 1176
746 765
1272 1276
793 797
655 663
468 477
1216 1222
701 712
1387 1393
663 673
1001 1004
1326 1339
1030 1034
1283 1290
210 220
1037 1044
1225 1232
47 53
330 331
626 628
111 119
1192 1193
107 111
382 389
103 107
1118 1124
531 544
503 506
502 503
1303 1311
31 35
1124 1126
648 655
610 614
676 689
1156 1163
993 1001
689 695
712 729
609 610
768 776
765 768
53 81
1268 1270
1222 1225
102 103
1065 1066
918 922
589 593
1111 1118
243 245
42 47
1079 1091
341 342
302 307
560 578
1352 1355
487 493
866 867
544 546
1355 1356
1356 1368
910 912
1276 1283
1108 1111
445 458
733 746
168 210
1311 1326
1091 1108
966 978
245 247
506 522
922 925
621 626
119 128
1126 1135
832 839
1426 1430
548 559
1349 1352
482 487
349 355
559 560
872 873
932 948
228 241
593 602
777 785
1232 1247
1135 1144
619 621
914 918
867 870
1208 1216
1176 1178
1409 1426
1173 1174
960 966
347 349
1193 1199
898 910
1026 1029
1398 1409
578 589
458 468
493 494
477 481
891 898
1044 1047
1430 1440
1144 1156
164 168
522 527
980 987
637 648
1261 1268
870 872
926 932
1345 1349
287 293
912 914
978 980
817 823
129 132
1178 1192
1029 1030
1247 1261
699 701
1163 1171
220 228
481 482
1393 1398
396 442
858 866
797 806
5 9
296 300
145 149
293 296
1200 1208
342 347
389 396
241 243
1294 1295
1199 1200
529 531
283 287
811 816
614 619
1290 1294
340 341
785 793
358 382
81 82
52 53
116 128
726 727
773 774
782 813
764 773
1383 1395
1032 1037
924 942
508 511
406 410
1098 1100
1068 1071
1046 1054
478 481
1225 1226
1158 1167
598 607
819 823
914 923
534 538
597 598
560 561
1436 1440
894 895
101 102
29 34
133 136
609 620
10 26
1135 1136
889 894
1199 1201
522 534
1345 1358
61 65
1324 1337
1247 1259
236 244
716 721
392 396
71 80
149 154
170 185
1435 1436
136 145
355 362
433 435
1066 1068
851 862
372 385
572 577
188 192
192 198
210 236
113 116
874 888
263 288
65 70
371 372
657 663
258 263
1096 1098
538 560
1118 1132
693 694
756 757
888 889
698 699
1113 1118
288 298
1038 1041
490 499
1084 1096
909 910
1167 1178
984 989
1284 1294
1279 1284
96 99
1103 1107
85 96
1109 1113
34 43
388 392
1007 1022
1337 1345
1028 1030
428 433
621 636
1100 1103
418 428
577 584
1030 1032
680 691
647 656
1107 1109
1054 1060
862 874
1261 1267
1201 1216
1060 1066
983 984
568 572
721 723
1299 1317
47 31
1189 1190
621 632
431 449
124 126
749 755
59 73
767 777
641 644
869 878
1118 1125
1025 1027
1338 1342
411 431
487 500
1116 1118
946 953
1421 1433
932 946
296 306
695 705
705 730
1307 1315
1324 1328
1027 1037
844 847
403 405
573 575
1323 1324
1013 1018
91 100
564 573
449 460
1047 1052
632 641
847 849
1073 1087
647 676
998 1013
29 42
324 325
405 409
1057 1073
42 44
644 647
1279 1285
393 397
968 971
575 579
579 584
971 998
676 695
1217 1226
1403 1420
243 267
733 734
1319 1323
1358 1378
1098 1102
89 91
126 133
212 220
1271 1278
1197 1199
1160 1161
734 749
730 733
878 885
1037 1047
1231 1270
162 188
536 540
584 603
379 391
755 767
359 371
1102 1116
1169 1189
849 869
19 20
738 739
154 163
198 209
265 287
381 386
11 12
654 659
607 609
984 988
1301 1302
1261 1267
1225 1228
441 446
1149 1157
829 838
839 843
1198 1213
956 957
105 107
386 387
364 365
294 296
924 936
1228 1236
1315 1318
397 398
1077 1093
1387 1394
356 361
1111 1123
513 516
1273 1276
569 574
1144 1149
843 849
488 492
1260 1261
1436 1440
172 181
71 59
854 865
234 240
16 21
139 146
278 295
523 531
86 103
77 86
1410 1411
275 278
1379 1381
1168 1171
902 916
131 132
105 110
766 774
795 802
973 983
117 118
839 854
1340 1352
38 51
505 523
537 545
1381 1393
118 125
76 77
1070 1071
299 302
1378 1379
1292 1298
882 891
203 217
916 922
125 129
217 218
922 943
1218 1234
629 651
833 839
346 366
1108 1112
983 987
794 795
51 70
433 435
1363 1375
71 76
219 234
1166 1168
132 139
1411 1419
1352 1363
366 389
1008 1029
656 677
146 157
946 973
734 766
29 34
302 320
873 874
1311 1329
110 117
324 325
987 1008
129 131
503 505
1071 1079
870 871
727 728
1061 1063
1174 1218
654 656
493 503
871 873
1171 1174
531 537
1112 1130
1130 1159
551 554
21 29
718 722
1029 1054
1079 1095
325 328
788 792
865 870
774 780
295 298
722 727
1439 1440
943 946
485 493
389 411
557 590
554 557
157 203
1095 1108
1375 1378
1285 1292
1339 1340
891 897
802 828
545 551
1054 1061
897 902
874 882
1063 1070
103 105
298 299
260 263
686 699
479 485
1234 1285
320 324
1329 1339
590 629
1419 1439
1393 1410
828 833
263 275
34 38
246 260
1159 1166
240 246
328 346
435 479
677 686
699 718
76 36
1094 1106
1240 1249
414 416
815 817
494 496
398 404
460 464
1349 1363
1019 1023
886 895
203 216
409 412
86 96
457 458
691 695
1057 1058
464 468
109 112
676 682
1303 1308
357 358
922 923
499 516
36 59
1258 1264
1363 1366
704 713
25 28
539 542
1403 1411
441 444
753 758
9 12
901 907
1083 1084
257 259
138 147
1142 1146
1264 1265
429 434
112 122
1336 1337
534 539
312 314
516 533
1249 1251
1124 1135
320 322
1154 1162
358 375
278 280
1308 1313
496 499
703 704
454 457
943 945
1348 1349
1431 1435
695 696
1137 1142
1087 1094
323 331
1081 1083
792 805
314 320
395 398
872 882
684 691
387 395
933 935
174 175
1076 1078
468 471
567 584
673 676
1314 1316
28 36
896 901
696 703
1188 1197
101 103
341 343
1374 1376
1223 1226
533 534
957 959
1385 1397
377 380
883 886
1162 1164
1265 1272
237 245
59 86
191 194
420 426
654 659
478 482
97 101
157 163
1316 1325
1376 1385
492 494
895 896
280 282
653 654
458 460
747 752
1416 1421
1184 1188
1272 1283
648 653
1146 1152
37 67
1049 1053
1074 1099
244 248
1409 1412
899 904
1174 1183
587 600
25 26
48 55
288 289
611 617
749 750
1430 1438
1277 1283
190 196
750 753
438 441
617 635
1270 1271
1031 1034
853 859
1314 1327
1043 1044
55 59
432 438
1117 1135
848 852
559 563
654 658
423 428
206 208
324 347
59 87
600 608
579 587
745 749
213 216
859 871
1274 1277
289 297
818 823
158 172
794 800
1034 1036
823 827
817 818
1269 1270
485 493
1059 1064
1247 1259
608 609
688 690
277 288
674 676
397 402
722 727
1343 1350
1303 1314
408 423
877 882
1030 1031
576 579
22 25
727 745
216 223
517 525
753 755
871 877
952 968
230 237
525 526
17 18
773 778
836 838
635 643
1137 1162
1007 1009
1271 1272
307 321
994 1007
1377 1381
26 27
1381 1405
260 262
701 711
546 558
968 969
196 206
1374 1375
1044 1045
460 485
946 952
972 994
1169 1174
515 517
904 939
1072 1074
1224 1232
323 324
18 19
493 501
852 853
1412 1418
208 213
0 45
449 451
1334 1353
666 668
781 787
625 636
495 498
702 703
459 465
735 741
1161 1178
305 313
351 368
173 183
153 161
1296 1331
465 468
802 803
313 331
1331 1334
420 424
265 270
141 153
250 259
637 661
1416 1433
741 748
562 590
997 1009
685 702
339 351
468 475
991 997
397 420
78 100
1121 1123
122 139
1258 1296
855 895
1184 1195
139 141
724 727
1379 1390
71 78
434 449
1201 1235
9 53
558 568
658 661
1164 1194
607 608
484 488
1248 1251
797 799
1251 1264
466 472
34 52
442 466
431 435
85 100
948 965
1318 1327
568 581
782 785
1125 1130
270 298
925 932
1034 1042
435 441
1228 1233
1233 1236
1026 1034
482 484
1124 1125
1160 1164
1327 1333
247 249
865 869
1335 1340
210 239
1291 1299
869 874
265 270
596 607
146 153
632 637
186 195
699 706
932 948
1428 1440
1121 1124
1355 1357
1054 1074
1284 1291
1194 1205
543 551
380 431
1236 1242
790 797
539 543
82 85
153 163
527 539
32 34
920 925
1130 1145
613 625
249 253
706 761
95 82
207 215
475 482
694 698
846 849
372 374
585 593
628 631
853 858
1364 1372
1259 1279
884 886
1252 1259
966 973
1316 1317
879 882
725 731
1387 1393
55 59
136 140
1123 1125
317 320
874 875
1210 1212
1328 1334
962 966
716 717
869 874
1160 1161
349 362
557 561
1208 1210
1410 1412
482 492
1011 1013
893 895
1422 1424
92 97
1069 1079
1013 1015
505 506
798 799
103 105
703 716
849 853
1191 1192
1049 1050
833 834
1079 1089
686 691
866 869
653 657
267 276
142 154
985 988
53 55
1305 1316
59 60
1145 1146
127 134
1304 1305
1230 1236
1409 1410
180 184
740 748
27 32
193 194
982 985
548 553
512 526
74 81
368 370
3 6
384 393
412 417
156 160
902 903
990 992
251 252
50 53
799 800
334 342
600 604
497 505
331 334
468 469
418 419
974 982
571 577
205 207
111 113
10 13
748 750
1150 1156
366 368
6 10
1037 1040
1176 1181
244 247
581 585
1325 1328
1303 1304
1244 1245
932 940
1107 1112
922 931
1043 1049
1020 1027
167 170
1066 1068
1372 1384
84 89
616 628
553 557
577 581
698 703
899 902
931 932
393 403
1351 1353
62 65
908 911
782 786
439 442
995 997
1396 1397
1034 1037
657 664
409 412
1040 1043
371 372
1200 1206
1125 1127
218 223
403 409
992 995
891 893
875 878
605 606
768 775
305 307
886 891
189 190
1286 1293
107 111
631 648
1050 1053
225 228
314 317
247 251
374 376
1345 1351
1027 1029
800 803
224 225
526 528
1099 1107
950 955
65 74
1140 1145
284 287
1353 1364
1118 1123
1007 1011
717 720
1001 1007
1189 1191
775 782
113 120
492 493
650 652
1169 1174
215 218
417 418
230 233
461 467
1030 1034
255 266
73 23
1123 1132
1171 1183
1006 1018
39 40
1400 1402
1197 1199
198 209
1059 1062
758 762
40 55
453 458
1385 1386
534 549
1063 1064
217 226
659 676
312 313
1141 1151
1121 1123
55 58
1139 1141
769 770
33 39
1191 1196
154 167
1341 1351
380 398
689 708
175 192
1291 1296
948 974
624 642
1296 1316
209 210
797 830
762 769
167 175
1064 1078
1136 1139
1372 1385
1018 1022
987 990
323 327
1107 1120
688 689
750 758
929 937
436 438
329 335
101 118
1283 1291
1206 1208
1157 1171
8 10
713 715
744 750
313 323
485 515
1208 1215
515 519
192 198
789 793
3 8
293 295
937 940
1406 1440
1025 1026
21 33
778 788
1331 1341
788 789
438 452
348 350
1215 1272
519 526
350 354
1132 1136
1079 1103
1033 1055
715 722
732 742
259 263
1027 1033
17 19
993 998
834 882
410 412
240 243
913 925
19 21
986 987
742 744
1183 1188
882 913
1078 1079
1103 1107
2 0
10 360
1079 1429
0 2
10 360
1080 1440
26 70
528 534
728 729
120 144
1001 1004
636 643
1364 1369
26 28
1334 1339
1382 1391
665 667
296 300
925 938
734 738
718 728
1005 1030
329 331
421 428
336 342
118 119
86 87
1272 1277
910 917
965 976
684 687
549 550
54 55
77 80
1101 1103
1277 1280
950 965
1369 1370
288 296
1162 1172
897 901
668 674
662 665
1405 1406
173 185
83 86
814 815
667 668
601 604
1339 1344
683 684
877 897
1328 1334
1280 1282
680 683
1227 1243
835 839
358 362
524 528
1297 1299
845 877
1083 1091
1300 1305
1041 1042
342 343
565 580
1183 1185
80 83
995 1001
1391 1394
487 508
978 985
256 260
1054 1081
446 450
1081 1082
73 77
145 160
333 334
1004 1005
1344 1346
3 9
901 902
87 94
1416 1417
221 233
44 54
839 842
345 351
780 788
1225 1227
1379 1381
389 393
362 365
443 444
420 421
985 995
260 261
709 717
334 336
322 329
1310 1319
368 389
73 62
1229 1241
1135 1141
662 666
433 435
1297 1304
398 416
984 987
952 965
694 704
179 191
240 244
306 312
548 559
995 1008
547 548
757 762
170 171
561 575
238 240
1378 1392
1373 1374
1280 1283
473 475
886 887
41 42
802 808
513 522
270 273
1156 1157
765 781
590 591
11 14
1141 1156
785 786
446 452
752 757
116 117
417 431
910 913
965 977
711 716
1178 1184
142 143
452 454
1283 1297
225 227
923 938
1258 1264
273 283
1340 1357
70 78
1158 1160
1040 1053
17 21
1083 1087
993 995
594 602
522 527
320 331
347 351
455 457
1392 1396
343 347
1010 1014
1427 1440
177 179
578 582
331 342
489 491
351 357
366 382
1089 1098
301 306
1128 1135
983 984
313 320
1167 1178
1323 1334
1068 1070
1359 1366
113 116
81 86
980 983
1304 1313
721 722
191 199
67 70
612 614
1053 1058
205 211
1157 1158
175 177
840 851
582 589
914 921
1313 1323
1185 1192
1247 1258
283 297
938 952
1246 1247
727 728
416 417
457 464
622 633
86 88
140 142
143 144
666 669
388 389
718 721
144 148
156 164
357 365
1425 1427
786 787
263 270
382 388
640 651
1122 1124
977 979
991 993
480 487
792 801
651 657
392 396
252 258
1024 1025
591 594
464 473
1200 1229
21 31
854 867
921 923
495 510
57 18
1032 1044
1348 1360
78 81
476 477
869 886
1294 1295
21 24
1365 1368
820 837
852 853
611 621
1113 1114
1263 1265
240 247
1380 1389
530 552
389 397
804 810
1360 1361
103 107
480 486
667 672
1249 1257
1361 1363
1181 1184
350 358
1081 1085
1091 1106
886 894
797 798
33 50
73 78
517 520
1426 1430
144 147
299 301
961 964
1395 1397
1162 1163
894 902
128 132
1344 1348
1397 1403
1239 1241
662 667
247 251
938 941
490 507
793 797
524 530
1210 1227
683 687
358 359
381 389
1283 1288
1003 1009
376 381
1338 1342
222 240
462 463
1288 1289
1368 1375
325 341
819 820
1184 1189
570 578
1379 1380
255 265
1192 1195
27 33
1297 1298
766 790
183 186
1375 1379
520 524
60 33
935 943
496 515
669 676
443 446
911 919
1021 1032
424 436
446 449
815 826
1217 1227
449 453
1325 1349
1236 1247
864 865
1294 1296
1041 1050
865 883
1349 1351
651 669
709 710
1423 1429
38 54
1414 1423
54 77
212 217
88 89
535 544
279 293
178 192
883 906
92 96
809 815
1071 1075
929 935
1273 1280
226 232
77 88
1085 1089
217 226
1082 1085
436 443
1293 1294
1089 1090
588 620
1151 1153
804 809
1064 1071
620 651
1032 1041
1247 1248
1127 1137
141 163
1216 1217
1395 1414
906 908
192 196
1054 1060
1248 1273
163 178
957 960
919 922
132 138
722 723
686 693
756 766
973 1000
1000 1005
545 550
832 858
232 249
138 141
858 864
712 717
401 424
1050 1054
1227 1236
564 585
27 38
1075 1080
389 401
1201 1215
1429 1430
261 274
1292 1293
693 695
96 131
943 955
515 535
1090 1127
1280 1292
1365 1371
387 389
89 92
40 60
1195 1200
93 101
1368 1374
277 283
426 447
337 346
890 893
762 772
1307 1320
284 286
1100 1106
72 93
306 313
269 277
1428 1440
505 527
676 679
800 810
1005 1012
563 610
50 65
1229 1242
1048 1060
1060 1077
133 141
1284 1286
1171 1183
1389 1391
1391 1392
1392 1428
925 926
717 743
1334 1349
130 133
1200 1223
350 357
706 714
1228 1229
1018 1024
828 829
1092 1100
1187 1195
714 715
1130 1135
1320 1334
1037 1048
46 50
1242 1244
128 130
1183 1184
1077 1079
672 676
283 284
679 701
1259 1262
899 914
837 843
41 46
268 269
532 561
294 305
843 845
153 155
1292 1307
799 800
242 243
914 925
638 657
362 397
772 782
1286 1290
869 883
1135 1170
1267 1274
970 984
155 163
561 563
821 822
798 799
196 206
823 828
255 264
893 899
1353 1368
1274 1284
264 268
126 128
752 759
926 970
782 798
65 71
1374 1377
357 362
760 762
1352 1353
1379 1389
1377 1379
1290 1292
832 837
1024 1037
48 78
510 511
1077 1078
857 858
613 627
185 190
653 654
1192 1193
1359 1365
867 874
928 937
442 450
1430 1431
878 883
1044 1049
1257 1261
1203 1204
782 803
405 417
1242 1245
726 730
1414 1417
339 342
329 330
682 685
700 701
701 706
540 542
893 896
916 922
518 522
778 779
1019 1021
1422 1430
973 975
501 505
1253 1257
1173 1177
741 749
654 657
1314 1316
612 613
39 41
69 82
1105 1108
432 433
1056 1059
517 518
246 258
142 148
1137 1142
1159 1164
1368 1373
89 91
452 454
885 893
522 523
668 670
499 501
593 596
537 540
362 365
560 571
580 583
767 771
837 839
774 778
1114 1130
1142 1146
387 397
1177 1179
993 997
1417 1419
831 832
424 432
1021 1022
552 560
516 517
200 201
5 14
649 652
1130 1132
1018 1019
66 69
333 339
634 635
193 194
1433 1440
662 665
1385 1387
179 181
231 233
551 552
523 532
1235 1237
296 301
631 632
29 31
1431 1433
1351 1359
288 290
1038 1039
463 470
578 580
454 458
130 131
874 878
1153 1159
1083 1087
233 235
583 593
839 841
643 648
632 634
450 452
158 163
883 885
906 911
53 56
190 191
1390 1414
1319 1322
302 307
126 130
903 906
56 57
31 39
14 56
542 545
1150 1154
991 992
279 281
151 165
1041 1044
723 726
1217 1224
760 762
494 505
726 727
432 440
165 179
1300 1303
878 880
463 464
1260 1263
1076 1081
234 259
782 783
1348 1349
993 1004
1312 1315
1365 1368
1004 1010
1119 1125
574 578
198 216
49 50
393 401
1356 1357
578 579
371 374
467 469
1030 1033
96 98
893 897
1109 1111
444 459
459 462
606 608
585 590
115 121
281 285
1126 1130
1315 1320
11 13
1224 1226
1428 1431
422 428
347 355
882 891
591 592
511 513
266 275
216 226
133 136
376 384
853 854
558 560
1130 1133
1409 1428
1349 1351
671 691
411 422
717 723
762 763
1248 1256
469 494
693 707
10 52
915 916
879 881
300 341
959 966
1379 1389
538 561
991 1002
527 535
1327 1333
364 381
441 456
85 88
64 66
748 751
397 412
662 667
494 498
150 175
78 85
1115 1121
119 128
1014 1017
381 389
924 925
854 857
478 494
1017 1026
420 424
395 397
1162 1167
1336 1338
581 586
1231 1264
703 704
952 959
891 906
577 581
1292 1307
732 740
175 183
667 674
1005 1014
262 267
973 981
1326 1327
21 40
535 537
267 288
740 748
212 213
1167 1190
1204 1213
906 908
1372 1376
513 527
88 99
586 606
1307 1308
1335 1336
412 420
1413 1425
228 229
22 72
670 680
632 637
91 92
792 797
992 997
1178 1186
1010 1015
189 197
517 520
1372 1374
740 741
628 632
33 39
1292 1298
1031 1044
1360 1366
269 275
28 32
1119 1121
321 327
1209 1210
318 321
1093 1097
947 955
941 947
2 5
170 171
262 269
282 283
800 803
1017 1018
490 491
718 733
1158 1160
1074 1081
169 170
1269 1275
804 809
88 90
464 465
61 88
22 24
92 119
327 336
1044 1059
1282 1291
336 337
491 494
543 547
940 941
498 504
973 979
767 779
90 91
43 50
406 415
1085 1089
1171 1178
305 317
1089 1093
955 973
779 792
559 564
1135 1158
1222 1223
755 761
146 166
1125 1128
1123 1125
1166 1171
526 529
173 188
1196 1198
430 454
997 1003
700 712
131 143
835 837
275 282
32 33
1370 1372
797 800
14 22
1332 1360
862 873
119 131
504 508
766 767
637 640
858 862
926 936
1223 1241
1198 1209
899 901
10 100
912 916
176 177
1064 1068
146 147
462 465
819 822
540 548
943 944
72 74
567 577
773 774
97 102
754 755
1263 1266
1023 1024
466 469
182 185
832 836
140 142
1017 1018
1418 1422
55 56
1292 1308
1252 1255
655 656
1405 1406
1365 1367
102 111
1183 1208
253 254
447 454
465 466
1229 1230
757 759
217 222
1324 1331
683 685
275 285
1340 1342
872 877
504 516
1396 1402
241 253
693 699
121 127
749 754
77 87
1285 1286
1439 1440
883 891
56 63
142 146
721 723
700 709
368 373
1083 1084
726 729
1272 1273
638 643
864 868
409 415
597 598
610 615
421 422
1026 1027
1380 1386
926 940
377 381
1122 1128
222 236
399 401
951 952
577 585
424 427
1006 1016
1161 1170
1101 1121
301 302
460 462
654 655
170 173
300 301
1068 1073
944 951
589 596
357 363
1406 1409
550 555
1137 1146
332 333
342 343
274 275
822 827
1171 1172
1128 1134
1386 1396
731 734
598 603
1250 1252
1255 1257
729 731
1266 1268
857 860
1088 1091
1005 1006
831 832
564 567
745 749
39 41
336 340
100 72
1314 1318
1222 1231
444 445
889 897
1107 1108
643 665
782 791
363 373
1277 1280
1423 1432
711 715
50 53
1116 1119
317 325
1119 1124
952 957
521 522
1312 1313
1412 1418
351 356
781 782
914 919
211 223
991 1011
100 101
177 180
1072 1073
285 291
378 387
244 249
1109 1110
109 111
833 835
296 307
1148 1153
824 829
181 184
872 886
316 317
634 639
441 444
1363 1367
1143 1145
552 554
1145 1148
132 135
256 259
101 107
502 508
957 958
223 226
692 693
259 262
611 612
709 711
164 165
973 988
1231 1237
478 479
1307 1309
325 351
401 413
989 991
1401 1409
155 158
1011 1016
82 83
1362 1363
1338 1350
544 550
688 692
83 91
550 552
1437 1440
414 429
590 596
1350 1352
639 643
53 57
554 557
262 274
665 669
904 911
1261 1274
1045 1059
1182 1189
886 889
1175 1177
523 524
1388 1399
676 688
1039 1045
96 100
938 939
307 316
1076 1081
791 792
835 839
456 468
515 521
356 363
843 849
1318 1338
496 499
1018 1035
1274 1275
561 563
1280 1281
158 159
849 869
128 130
91 96
121 122
1081 1105
618 620
239 241
194 211
524 531
140 147
602 608
939 943
792 799
1202 1203
708 709
672 676
468 478
122 128
1124 1143
1108 1109
799 801
522 523
911 914
1399 1401
1035 1039
1073 1076
898 904
1352 1356
373 377
596 602
1275 1277
532 538
1105 1107
1203 1207
479 488
589 590
1153 1173
377 378
1016 1018
1418 1423
452 456
1207 1212
1181 1182
943 946
540 544
135 140
494 496
960 973
897 898
761 773
492 494
429 433
693 699
573 589
1409 1412
774 781
625 634
754 761
1110 1116
608 611
165 174
1189 1190
720 726
18 64
903 905
330 331
167 171
254 267
132 133
1214 1215
239 254
1215 1221
522 530
1076 1077
671 681
881 884
894 902
1257 1270
681 700
839 845
833 839
1398 1399
655 666
387 388
280 284
942 950
974 1007
582 600
891 892
1255 1257
1316 1326
1151 1164
1205 1207
404 430
1379 1383
491 494
576 582
916 918
640 642
1186 1191
764 766
1016 1024
600 611
459 463
43 64
1149 1151
331 374
1332 1353
845 854
1208 1212
86 96
1 14
290 292
133 137
1241 1243
1042 1056
703 707
1423 1424
482 491
774 785
1326 1327
666 671
267 270
863 868
474 482
1035 1042
152 161
1193 1198
1366 1368
823 833
494 522
1033 1035
902 903
1212 1214
785 800
209 219
868 874
1102 1131
110 132
463 474
747 764
653 655
1418 1423
458 459
137 148
161 164
1 27
69 87
369 376
104 132
692 706
1110 1126
968 985
1307 1331
321 352
376 387
524 535
1206 1219
456 463
653 692
132 150
576 653
425 449
449 456
1130 1144
1331 1440
355 369
985 1016
388 409
1126 1130
150 177
9 69
387 388
1016 1035
706 725
100 100
1152 1159
820 828
518 525
374 381
1180 1188
0 7
633 640
460 468
604 612
1108 1116
1296 1303
273 280
1022 1029
1065 1072
835 842
1396 1404
504 511
734 741
590 597
1425 1432
388 396
1008 1015
1137 1144
1267 1274
43 50
748 756
129 136
475 482
144 151
72 79
561 568
777 784
230 237
187 194
1238 1245
576 583
849 856
259 266
792 799
1353 1360
979 986
705 712
1166 1173
993 1000
345 352
1080 1087
172 180
921 928
1195 1202
864 871
619 626
691 698
446 453
57 64
806 813
720 727
1224 1231
1123 1130
115 122
936 943
964 972
1281 1288
763 770
316 324
878 885
201 208
403 410
432 439
331 338
216 223
14 21
1252 1260
676 684
1411 1418
244 252
547 554
648 655
1209 1216
532 540
907 914
1382 1389
892 900
28 36
1324 1332
158 165
1036 1044
489 496
1368 1375
100 108
1094 1101
302 309
1310 1317
417 424
1339 1346
1051 1058
86 93
950 957
288 295
360 367
662 669
352 360
540 547
856 864
122 129
943 950
1303 1310
741 748
727 734
813 820
136 144
50 57
309 316
468 475
180 187
885 892
1245 1252
655 662
770 777
957 964
208 216
972 979
1317 1324
1216 1224
842 849
1346 1353
900 907
1360 1368
237 244
1389 1396
108 115
36 43
1015 1022
496 504
194 201
986 993
612 619
151 158
1087 1094
568 576
7 14
280 288
295 302
640 648
871 878
453 460
439 446
1274 1281
914 921
64 72
1072 1080
324 331
252 259
756 763
1058 1065
597 604
381 388
1260 1267
367 374
1044 1051
928 936
1202 1209
583 590
1173 1180
165 172
266 273
396 403
1116 1123
684 691
338 345
21 28
511 518
1130 1137
669 676
424 432
525 532
1332 1339
626 633
1288 1296
1404 1411
223 230
1159 1166
410 417
482 489
1144 1152
1188 1195
1101 1108
1432 1440
93 100
1231 1238
712 720
828 835
698 705
1418 1425
554 561
79 86
1000 1008
799 806
1375 1382
1029 1036
784 792
100 100
8 9
162 163
118 119
140 141
58 59
56 57
28 29
184 185
124 125
6 7
98 99
92 93
126 127
88 89
54 55
152 153
40 41
48 49
174 175
104 105
186 187
38 39
190 191
70 71
102 103
132 133
120 121
72 73
80 81
148 149
66 67
76 77
24 25
26 27
156 157
74 75
134 135
142 143
170 171
136 137
108 109
0 1
182 183
78 79
52 53
50 51
110 111
128 129
144 145
116 117
168 169
14 15
2 3
82 83
34 35
114 115
60 61
176 177
198 199
18 19
158 159
192 193
62 63
130 131
106 107
138 139
32 33
42 43
16 17
12 13
164 165
94 95
46 47
30 31
96 97
100 101
150 151
44 45
22 23
86 87
122 123
36 37
20 21
64 65
178 179
194 195
84 85
68 69
196 197
10 11
154 155
90 91
188 189
160 161
146 147
166 167
4 5
180 181
112 113
172 173
396 397
246 247
242 243
362 363
398 399
280 281
350 351
264 265
262 263
298 299
364 365
304 305
200 201
386 387
354 355
292 293
394 395
208 209
282 283
244 245
268 269
374 375
338 339
252 253
278 279
288 289
228 229
308 309
368 369
330 331
384 385
220 221
212 213
274 275
366 367
226 227
258 259
296 297
322 323
248 249
306 307
260 261
224 225
284 285
266 267
232 233
314 315
328 329
240 241
210 211
256 257
320 321
378 379
380 381
376 377
346 347
352 353
214 215
390 391
218 219
370 371
334 335
326 327
290 291
388 389
216 217
344 345
276 277
316 317
272 273
392 393
358 359
206 207
286 287
204 205
250 251
234 235
238 239
230 231
382 383
372 373
356 357
332 333
294 295
360 361
202 203
270 271
318 319
312 313
340 341
236 237
300 301
348 349
254 255
310 311
222 223
302 303
336 337
342 343
324 325
